11940.1,8107.72,4863.98,-1790.03,13716.6,9433.49,4601.52,-1433.67,-5811.09,-208.732,8272.93,-8738.48,-4041.66,-7534.27,-3045.87,7651.71,-229.337,-3207.75,-1196.13,-2756.17,-2326.48,8535.66,9020.91,2537.92,4371.87,-6420.23,5264.91,2407.53,10903,-3575.7,-10504.9,5964.56,2753.12,-5609.52,-2563.98,-1881.66,-5669.66,-9018.54,12416.1,1288.59,8169.93,1060.84,11644.9,8355.39,10833.9,335.349,3727.19,4213.94,2990.84,-3071.52,868.212,2895.7,14289.8,5278.32,-11294.4,-1582.72,-2295.35,-8371.08,-2198.09,2758.24,-1837.23,-3258.63,-2490.96,-1216.79,-833.896,-5384.5,9247.94,565.831,-5131.95,-1273.5,8890.85,2062.82,6685.01,170.086,1379.19,776.224,7935.73,1586.69,179.153,3933.68,946.139,-379.958,-939.644,-6651.3,2975.15,4345.11,-4197.23,2384.68,-3592.54,-3313.8,1189.17,5398.68,-652.95,-2378.04,-3347.2,-1387.4,-477.698,-511.392,-49.7392,111.137,1381.45,-2175.98,-2237.37,-1793.82,-9425.13,1325.01,3905.07,-3707.61,1172.69,-443.037,-13.2692,-5017.61,4477.14,747.396,446.188,5363.18,1359.67,665.294,-78.7205,0.45126,83.4786
8107.72,61209,14447.7,-1981.6,1809.48,12260.5,14584.5,-11250.3,3450.18,12946,7159.61,-1187.05,-15433.1,-3528.53,3772.7,974.199,2128.72,-7103.88,3586.11,-6153.41,12994.4,-708.994,19554.2,355.713,21481.4,-860.403,-6664.11,-4055.93,8390.27,5702.07,4599.57,-13294.8,15295.3,-6382.88,835.838,4618.94,6273.9,-8073.25,785.116,10268.2,-6131.77,-10716.1,22829.3,92.0729,23222.4,4873.14,18058.6,524.001,-53.5086,5574.67,-3679.59,-10379.1,29729.7,-3807.83,-13182.6,-16902,17242.5,-11173.4,2637.44,5552.52,17262.2,-15014.6,1025.83,-5939.69,-18904.9,7244.3,-17837.7,-540.904,-13691.3,-7783.36,14236.7,-2049.08,-5175.9,-13548.6,20336.7,-7324.43,-6724.11,-12101.2,1514.72,2227.52,2149.06,-2536.78,-5831.22,-5813.71,16997,-8767.9,-13349.9,-1551.51,4878.2,-4061.01,2441.81,124.3,6576.56,-8677.86,1289.46,-7286.05,2394.65,-3406.27,-244.179,-354.574,-17833.2,759.701,-15215.1,-4102.93,1395.14,5951.15,2863.88,-2151.62,-2111.76,-11252.9,6441.03,-8348.27,-7400.39,-13596.3,3944.55,3524.49,3913.54,-705.93,-181.112,-107.167,202.5
4863.98,14447.7,55612.7,1455.48,-654.911,30267.6,11831.3,-12428.7,1490.66,-2911.92,12037.5,4445.24,-11074.8,9257.68,-8936.02,588.731,-6517.54,15138.9,22035.4,-16206.7,23355.3,-22646.1,13857.8,-1914.08,3491,9716.87,-50127.1,-19500.6,1456.34,20450,-7131.02,5736.61,19608.4,4631.63,-6670.13,6776.79,-10399.3,26206.1,-5015.8,7252.11,-8758.23,-37516.3,17104.9,-8777.62,-11605.5,-10067.7,11590.2,1014.27,-8041.53,4295.67,-7135.28,-22958.9,32464.9,2849.83,-20158.5,-17912.8,14935,21066.3,14386.8,-8495.62,13973.3,-17529.1,9079.03,-1913.08,-7292.07,8115.61,-19779.8,6361.37,-14001.5,-5128.64,-151.612,-36440.9,-42752.7,-29504.2,14664.5,-11351.9,-27856.4,-19783.5,2910.27,2645.53,1448.18,-1968.43,-3172.37,-2355.14,21319.6,8126.95,-22723.3,-21422.5,-8157.08,11362.8,23819.8,-18308.2,9446.39,-18780.2,11915.4,-2214.89,1502.71,-5456.14,-777.449,277.663,206.705,-4745.58,-12504.2,-3135.72,14580.2,19529.7,3143.71,-29234,-26222.6,-22500.7,6482.03,-14736.5,-18810,-17217.8,1927.46,4450.34,2914.08,-3329.63,-376.85,-244.919,652.613
-1790.03,-1981.6,1455.48,70481,-11736.7,16268.6,24883.9,-14274.8,380.81,-17821.4,-22823,55268.1,726.845,30325.1,-7508.5,8942.05,-1296.95,14898.9,-13265,9166.2,6849.16,-16984.3,2475.04,-11492,-8188.23,-20369.9,-29401.8,-52843.6,9298.46,27287.3,-11359.6,10568.9,15612.7,14848.1,9183.91,20380.1,12690.7,13403.1,-50320.7,18246.7,-3748.93,-12047.5,-5187.13,-28767.6,-18042.5,-18918.5,24493.7,-4035.33,-5451.67,14863.6,-21575.8,2404.03,-2852.68,7806.93,-23751.6,-19018.4,17040.4,11662.5,16710.1,20337.5,26158.9,-24223.9,3720.11,-12102.9,7796.62,10923.8,-5114.03,-3796.43,7377.73,-5007.36,-5850.52,-1624.39,-11267.4,8786.2,48052.8,-20334.6,-1212.31,-8231.31,-8054.38,-3670.83,3334.4,17456.3,-15999.8,34907.8,-1984.21,573.754,-21655.6,-20428.4,4896.11,9988.56,6773.35,-4820.92,11118.3,-19111.8,4598.11,-16450.1,633.553,777.834,38.6923,245.693,3173.72,-1010.78,13221,5001.55,18535.9,-60.5814,-7703.87,13091.7,-4734.73,21241.1,27793.4,-15186.3,8045.91,-11025.4,-2597.82,-4673.56,4583.4,1968,-4922.01,-226.226,315.078
13716.6,1809.48,-654.911,-11736.7,24667.1,2045.14,-4006.06,5751.13,-6429.78,6933.73,18250.1,-21014.5,-2628.25,-6905.43,2165,9142.53,6653.3,-8032.41,-8881.96,-5349.93,-9626.34,12774.1,9507.52,5290.94,2729.83,-7156.64,22468.8,15074.5,8752.13,-13330,-8024.69,2400.71,-6861.76,-8359.64,-3265.72,-8372.69,-5489.75,-12988.4,29723.5,-13566.7,12159.9,12058.4,10815.5,11889,11975.7,583.559,-4522,5402.91,3901.18,-8708.78,8207.45,8805.99,8815.92,2908.53,-9734.28,4058.06,-11075.2,-10650,-9707.63,26.4882,-10801.8,6280.74,-5837.8,21.9764,1156.95,-9874.88,22320.7,606.939,-3485.95,1274.47,11678.7,6677.41,19877.7,-504.668,-13413.9,7350.62,15572.9,4669.62,-1420.12,4679.06,-299.103,-1601.41,4789.33,-14677.9,-497.436,6076.77,1150.29,13446.8,-2984.59,-3470.9,-5735.01,11161.4,-5951.61,5243.38,-7747.84,466.512,-1237.17,-241.169,-15.0845,106.211,1105.75,-4302.75,-2305.46,1922.69,-18220.8,-4067.39,5887.11,629.565,11168.7,360.352,-7550.41,564.499,11218,4073.7,-919.25,6279.78,-374.272,813.609,631.096,73.5997,-61.6376
9433.49,12260.5,30267.6,16268.6,2045.14,98467.4,14142.9,316.488,-8005.88,-621.285,14606.8,10834.5,-25294.8,12384.8,-7800.02,19600.2,3638.64,26519.6,102.37,-6861.8,32021.9,-23851.6,9868.4,-5088.56,10833.4,2480.5,-10590.9,-24740.7,9424.26,2132.33,5263.64,8687.83,19192,39111.8,-788.077,25517.4,-3414.3,3674.53,-13237.7,-203.582,22889,-23038,11088.8,12102,-1462.57,16770.4,2419.89,9476.5,-4566.35,163.933,-10515.8,-18890.1,31019.4,13377.2,-6761.25,-31860.3,-4150.45,46052,-9382.3,37235.1,4845.7,-42317.5,3410.49,-11803.9,-1575.8,-4119.86,7260.22,17978.5,-16214.4,-20049.6,14132.5,-1300.8,-35976.9,7523.43,32441.6,6080.63,-18338.8,1155.85,356.789,12658.4,-412.084,-7232.38,-17843.1,-314.736,13845.8,12477.4,-22477,-16561,-9009.59,22686.9,-8226.74,5071.99,-6105.4,-28279.9,3760.14,-15454.9,1686.84,-4796.67,-9.19865,192.467,11822.6,-20597,9605.07,10493.4,3930.26,-7704.23,6350.52,-21936.2,-21458.6,1778.31,27993.7,-6412.27,-13111.2,-4601.6,3918.67,16812.6,-81.2832,441.214,-4559.69,-134.671,398.054
4601.52,14584.5,11831.3,24883.9,-4006.06,14142.9,52790.4,-6684.79,11768.9,-10588.5,-13534.8,12725.6,2591.2,12671.7,-2785.62,1934.32,-7909.89,1268.99,-8205.07,-715.063,15732.9,-17445.6,6608.69,-11676,9533.03,-8078.62,-23626.6,-41058.3,7283.31,4957.86,-5504,-7804.6,22401.5,-4461.05,6120.19,19120.4,-2091.34,-2460.62,-37987,9654.6,388.25,-36732.5,-1600.49,-26283.8,1180.28,-8296.88,15539,-4909.75,-640.283,8401.33,944.457,-23721.5,23111.4,-875.652,-19354.7,-26938.2,37384.2,2728.77,24693.8,18791.6,35213.6,-21775.3,1056.69,-12923.5,-3016.08,3521.9,-23711.1,6820.48,9861.95,12961.4,-1644.7,-14060.9,-24984.9,-2626.53,26841.9,-22939.9,-7804.27,-12106.8,-931.973,-3810.48,122.45,2704.93,-2349.3,3491.36,19083.6,-1563.81,-17041.6,-18132.2,18723.3,8950.71,19925.3,-5375.16,16521.3,-12148.1,1286.99,-15989.3,-4334.56,-6075.49,-443.487,470.53,-754.877,-4287.69,-11100.4,3710.93,12016.5,29327,-3247.08,-2786.71,-15970.5,6353.06,12761.7,-16686.9,-7341.64,-14039.3,8637.17,-4011.63,1166.41,-2375.38,-2169.96,-69.9454,667.331
-1433.67,-11250.3,-12428.7,-14274.8,5751.13,316.488,-6684.79,37627,31.6431,7158.02,17688.7,-13678.8,11725.4,-10967.9,14100.7,-5609.72,5396.55,-16266,-15140.4,17139.9,-9069.12,12386.8,-4495.96,-44.0026,-4824.41,-1001.27,41541.6,25424.4,136.2,-21567.2,16287.4,-17811.8,-38370.6,7430.66,-522.769,-4758.87,2717.64,-21948.4,20960.4,-40282.9,6082.45,31473.1,-10262.5,14752.1,4104.26,16883.6,-9546.46,12605.7,-1011.3,-20286.9,25451.1,11572.7,-20306.5,-3238.33,12323.3,15487.8,-8441.23,-2397.93,-25437.5,2852.42,-11169.9,17622.1,-6587.64,-2266.68,2476.99,-3990.2,23304.4,13.9523,-1674.11,4746.87,-8126.39,33355.7,31395.5,15511.2,-18429.7,33473.2,7140.87,11715.6,-8506.79,3326.14,-5962.91,-12715.1,14270.4,-11285.2,-13520.2,-855.256,12235,26724.2,18331.1,-3160.62,-26463.6,9284.07,-8526.28,12597.8,-9144.6,-2996.25,356.305,3431.32,507.904,-103.18,-1174.41,2957.03,3998.18,13668.2,-15881.6,-15794.2,-5158.14,17428.8,21008.2,7020.29,-7417.79,18951.4,8798.29,9962.81,-8955.84,3404.34,-8643.2,2797.92,2269.59,415.292,-578.254
-5811.09,3450.18,1490.66,380.81,-6429.78,-8005.88,11768.9,31.6431,34227.6,-15652.9,-4229.04,16586.5,13504.7,-479.591,1619.51,-9459.54,-5009.64,-3283.19,-9873.25,2566.66,15146.9,-205.957,8766.46,507.592,9583.29,-6229.93,-3358.62,-4127.67,18067.2,-334.307,13815.4,-8908.07,990.894,-10470.1,-827.825,2181.56,-3852.24,-8152.26,-8835.85,-2104.95,-36808.3,-10571.5,3099.76,-3750.15,5737.88,-16434.1,6325.57,-2270.03,-3326.72,6564.41,3986.09,-23106.9,2373.49,-3238.89,10355.8,1182.32,15509.8,-4895.27,15719.5,-8329.54,11461.3,-10605,4044.4,3148.45,-2338.97,3041.88,-22799.6,-7502.51,4625.28,22707.9,-5115.3,-8172.73,-21526.4,-15859.1,2378.85,-2735.71,-16819.7,-5926.85,-3199.02,-4795.32,927.844,1240.63,929.775,-2288.9,-1435.37,-6217.48,-2178.21,-2554.85,13176.4,2727.15,18892.9,-11918.1,4698.66,-6895.14,5521.78,4730.4,-1536.04,-3986.05,-495.089,183.815,-1952.08,4066.71,-17854.9,-3176.6,16601.3,26261.1,-6454.99,-4208.47,-16323.2,-1402.69,-2637.49,528.846,-13842.6,-6707.85,3087.35,-5815.03,1725.72,-1783.87,-1154.09,-320.074,278.225
-208.732,12946,-2911.92,-17821.4,6933.73,-621.285,-10588.5,7158.02,-15652.9,42489.7,15387.1,-29674.2,-13730.2,9026.95,10256.9,509.461,11937.3,-1411.72,5267.82,-4996.51,-5811.96,-156.275,-3432.93,-1035.58,-54.3773,17677.3,17696.8,11289.9,-20163.1,-8525.89,8290.58,-17866.6,-6685.99,5869.48,4882.21,-5008.22,9285.83,541.646,17525.9,-13870,19050.7,19040.8,-3393.97,-5914.54,-2208.09,23237.3,-11870.4,796.389,595.2,-5910,5180.88,14419.7,10016.4,-12069.4,259.329,-7332.83,-3266.13,5763.02,-14835.2,-691.991,-5540.69,20947.1,-2380.44,-3712.36,-11092.2,-551.411,7919.55,9953.93,-7252.56,-10481.1,7030.44,2355.04,18599.1,4762.99,-9143.02,9868.56,8641.2,-7137.95,2400,2708.55,-6025.09,-3670.68,4745.98,-7185.47,16070.1,-4488.85,4203.15,11905.8,3689.13,2563.34,-22173.2,6288.17,-5969.03,18037.1,-3217.46,-4678.04,2647.65,-604.32,88.4758,-536.098,-14919.7,-3199.91,3161.23,10064.5,-12687.1,-19622,5400.79,7087.46,21082.4,-5275.38,-1335.99,9705.38,7915.33,-6264.83,-301.672,3465.15,-7538.61,-783.475,1338.74,273.704,-359.77
8272.93,7159.61,12037.5,-22823,18250.1,14606.8,-13534.8,17688.7,-4229.04,15387.1,47977.5,-22366.9,-10874.6,-19895.4,8273.22,4408.08,4548.04,-6985.79,-6874.67,2791.38,-5699,10486.1,20362.4,10191,5624.6,-1206.38,39633,23210.4,14983.8,-15795.2,13332.5,-2978.2,-28239.2,-3709.5,-7370.68,-9705.3,-6398.66,-16558.1,40466.6,-25164.1,-2330.39,24594.8,17493.5,30414.6,10197.2,9974.34,-4927.31,15701.6,432.092,-13762.3,15060.4,6390.37,10298.5,9883.77,6373.21,12012.1,-12624.6,-5840.8,-22093.1,-11174.7,-16764.1,6828.99,-7519.12,3168.64,1470.11,-7429.25,22689.2,-5793.26,-17545.1,4959.19,7904.25,16488.6,16437,3149.08,-17413.2,32306.6,1787.23,-2690.88,-7809.3,5563.42,-950.74,-7021.25,11043.5,-14518.1,-4208.34,6344.44,2190.12,21613.6,6667.59,-147.994,-13613.2,873.552,-13425,1740.19,-10413.7,4806.51,2451.18,2032.99,239.45,-264.523,1784.51,-2425.87,-4202.15,1796.92,-15956.4,-7930.83,2321.02,-2843.89,13805.1,-78.2211,-7534.79,13058.1,676.482,-3032.52,-8776.74,6747.23,-1170.61,2575.74,2585.92,222.84,-463.981
-8738.48,-1187.05,4445.24,55268.1,-21014.5,10834.5,12725.6,-13678.8,16586.5,-29674.2,-22366.9,84728.1,5550.31,22584.6,-4295.54,-825.716,-3362.82,15699.6,-15275.2,12088.4,15824.6,-15369.7,998.656,-7066.16,-204.707,-5886.12,-29563.8,-27281.4,16622.7,29410.6,9926.12,13454.4,10302.4,20068.3,6782.36,24625.6,4882.27,20821.4,-52990.6,19111.7,-33418.8,-16314.4,1911.57,-19575.4,-12781.6,-22907.7,27235.2,1044.98,-11954.3,21102.5,-24636.7,-20108.5,-16203.7,6688.55,-1343.46,-2596.01,19133.7,9095.03,15948.8,14661.9,29398.1,-25088.2,8106.95,-3843.96,-605.081,32502.9,-17486.1,-8672.24,-4829.48,2376.95,-14295,-4143.99,-26280.2,-2619.01,46097.8,-6851.53,-24377,-5902.42,-4821.35,-8246.62,4819.71,11667.3,-21160.1,32817.2,-14566.4,-4355.54,-17506.2,-18850.5,7253.54,4253.82,8760.26,-16918.6,12999.8,-22773.3,10426.9,-5655.17,1533.52,3327.54,92.2305,155.249,3345.63,15409.1,6598.77,1629.04,25656.8,10596.4,-19586.5,6882.75,-14405.4,13080.4,26345.4,-7996.13,-8483.2,-8450.25,-1750.97,-10991,6193.62,2343.01,-2425.15,-252.306,279.26
-4041.66,-15433.1,-11074.8,726.845,-2628.25,-25294.8,2591.2,11725.4,13504.7,-13730.2,-10874.6,5550.31,43639.9,-819.726,6351.14,-12927.9,409.831,-16927.2,-1308.05,10235.6,-9074.47,15925,-11404.7,-3733.11,-5183.88,-6578,1836.32,8745.07,13935.5,607.843,-5406.65,-10120.9,-19603.5,-18354.2,527.709,-10852.2,-664.706,-7247.65,1379.83,-11549.8,-18021,18433.1,-10445.5,-8002.28,-80.849,-11638.6,4065.45,-2030.66,-2084.79,-7302.2,14059.9,3714.79,-16867.4,-5947.68,-3204.27,14995.3,-3465.71,-22794.1,572.354,-18531.1,9861.88,11827.5,-2572.12,1723,-3982.45,378.304,649.255,-7900.9,9465.26,16268.6,552.755,16499.6,13422.6,297.167,-12421.2,3197.8,-3498.25,1656.67,-2473.99,-8215.01,-282.685,-2708.29,12993,-347.195,-8818.77,-6435.95,10767.3,9396.95,6789.18,-11126,-735.842,-5053.51,10895.8,8308.96,-3046.62,1947.64,-1826.73,2337.58,102.921,77.2483,-3718.4,5347.47,-1814.34,417.433,2014.03,4569.6,3282.91,20975,7304.24,4216.42,-13910.8,6241.65,-490.625,3872.98,-1544.01,-11026.2,-1065,697.99,1319.84,47.3029,-282.162
-7534.27,-3528.53,9257.68,30325.1,-6905.43,12384.8,12671.7,-10967.9,-479.591,9026.95,-19895.4,22584.6,-819.726,120580,553.388,6610.3,5485.28,24793.8,-2942.08,-31076.7,8456.41,-28339.8,-42699,-15418.5,-4634.86,3204.48,-46065.4,-25499.2,-37109.6,29603.6,-13460.7,-10399.5,35330.2,46281,17301.6,26782.4,13921.4,43412,-36906.7,-15758.7,9118.6,-13956.8,-23302.4,-51321.7,-31347.2,6707.86,1443.36,-16021.5,-9385.83,6174.1,-16072,-14370.4,-12112.9,-24765.2,-18515.6,-20148.3,5109.69,41153.8,3611.76,35428.5,16656.1,-14683.7,10709.5,-10071.7,1005.28,20800.7,-11365.1,32600.2,13595,-32309.7,-477.533,-31434.7,-20352.8,-4729.07,12890.9,-34162.8,-12103.6,10110.5,10220.4,-1179.05,-4728.05,3507.55,-1807.07,1792.19,15451.8,679.35,-3964.26,-3500.01,-8930.18,13391.5,-18040.3,3408.99,5902.85,-4752.49,13832.9,-14402.3,4042,-2521.45,260.275,-505.164,-6780.19,-7736.5,11508.5,29028.7,15930.7,-26604.9,-7823.34,1368.41,4245.37,-1453.61,6996.16,-13567.7,1774.89,3286.95,9070.44,-1679.06,-5931.85,-1245.95,-4359.6,183.589,9.04614
-3045.87,3772.7,-8936.02,-7508.5,2165,-7800.02,-2785.62,14100.7,1619.51,10256.9,8273.22,-4295.54,6351.14,553.388,28484,1094.39,6957.45,-8674.44,-12204.5,4021.79,-1745.77,-4875.23,782.476,-7254.66,-2976.37,15230.3,21468.4,11457.6,-3603.63,-14502,26646.2,-12858.5,-12281.8,-2636.77,5239.96,-3650.29,5331.55,1707.46,9676.11,-16432.8,461.799,19001,-1299.05,-17682.6,-9489.82,7038.34,-11416.7,-4334.3,-2447.33,-3504.57,9566.64,-1557.48,-965.629,-1559.07,1652.7,-4771.28,-2010.99,-5369.76,-10576.8,2005.72,4654.91,13610.9,-4812.3,-4895.82,-11530.1,11120.3,7525.39,6406.41,-3323.59,6187.4,7328.82,12940.8,11111.3,3030.3,-12445.1,5557.57,4790.67,-6473.15,-654.1,-2893.66,-2822.6,-8834.78,4913.63,-9144.34,3655.65,2673.45,9737.38,9786.26,6768.23,-2474.94,-18311.4,7161.04,720.889,10578.7,-5972.35,-5871.14,1114.85,3179.68,64.9379,-278.101,-14236.6,5258.87,-1350.12,10310.5,-6729.44,-8252.32,4735.97,22448.2,17522.9,2306.09,-4721.1,12178.3,7776.65,-4565.28,-2491.85,-3736.31,-3573.07,-429.354,2913.77,68.0297,-186.446
7651.71,974.199,588.731,8942.05,9142.53,19600.2,1934.32,-5609.72,-9459.54,509.461,4408.08,-825.716,-12927.9,6610.3,1094.39,25985.9,97.0535,6937.66,-4407,-4464.31,674.026,-3382.29,14987.5,-1965.12,1246.78,-1659.14,7135.74,-7370.74,2979.83,-6592.66,-2285.41,20015.8,9953.19,7874.2,1488.65,7358.27,-7213.4,5585.2,2053.62,5950.74,13722,496.078,11146.5,-2336.72,-2229.93,3705.98,-1690.4,-1406.88,1202.53,2429.49,-7793.75,2641.39,9988.46,13430.6,-12012.6,-18144.1,-8874.18,4013.26,-2784.9,17281.2,-1968.94,-6536.96,-4745.62,-5353.32,3209.67,-2371.83,12757.8,2609.68,-7437.23,-6155.23,12841.5,-1484.86,-5281.2,8761.22,5723.27,-5962.13,8973.5,-4044.06,-259.975,3227.23,1690.81,1608.92,-10962.3,-285.251,2401.3,16103.1,-8515.73,-6342.92,-9024.98,671.073,-4849.04,8388.7,-3674.9,-2674.46,-6220.03,-6871.95,-172.705,204.315,44.4416,106.646,8269.83,-8293.82,6491.94,-1183.44,-9066.58,-7729.04,8424.46,-1860.56,-1470.23,7629.43,5053.19,-4437.48,8047.37,-3557.08,745.05,4393.08,2422.32,-2.44374,-1133.56,-57.7389,116.088
-229.337,2128.72,-6517.54,-1296.95,6653.3,3638.64,-7909.89,5396.55,-5009.64,11937.3,4548.04,-3362.82,409.831,5485.28,6957.45,97.0535,19856.3,-7289.42,-8514.78,-1497.45,-4080,-103.414,-4098.53,-1328.83,-81.2001,-462.535,14310.7,6809.46,-5259.97,-2566.36,4876.43,-7954.81,-6891.02,3661.91,3430.81,-6120.92,14959.5,-4024.34,4843.58,-9627.62,10498.6,10956.3,-4012.83,-2526.35,202.84,3648.38,-6547.57,1924.48,-2557.15,-7773.8,4571.85,5007.85,-4815.22,-6766.96,978.096,3101.82,-10076.6,4084.94,-9092.93,-820.944,-4999.77,4700.78,-4422.76,-4101.05,-4989.98,204.618,12442.5,6390.11,-238.559,-2952.23,6840.31,10477.9,15399.3,1282.17,-9011.73,8837.48,1628.37,-1991.21,877.331,-760.129,-1017.03,-3129.42,1091.05,-3271.94,-398.94,-4924.3,4516.96,11066,-581.429,2925.32,-13960.2,7573.62,-3999.46,6055.61,-5811.22,-5497.86,-85.8526,657.458,127.204,-185.548,-6529.8,-2986.98,5964.52,7899.55,-8207.04,-10362.5,4558.47,11373.7,15186.3,1545.3,-3392.14,7313.15,5393.47,-1298.26,1283.81,-1003.75,-1460.66,944.899,-539.131,46.1743,-242.22
-3207.75,-7103.88,15138.9,14898.9,-8032.41,26519.6,1268.99,-16266,-3283.19,-1411.72,-6985.79,15699.6,-16927.2,24793.8,-8674.44,6937.66,-7289.42,44239.4,7355.26,-15395.5,13767.4,-21243.2,-11897.7,-4033.93,-1877.3,13159.8,-30106.2,-13848.7,-11706,14713.3,-120.047,11595.2,25080.2,33195.5,3310.57,17994.4,-3166.91,35331.5,-12726.7,5655.54,5070.72,-29103.9,-3067.64,-14551.3,-17858,-3768.76,4874.42,-5680.56,-2275.97,13861.2,-18011.1,-2760.52,710.42,472.053,812.822,-15134.5,-2131.36,31995.3,6142.68,21172.8,4794.64,-11585.1,12833.1,418.048,3460.85,5419.18,-4967.17,5333.87,-1222.86,-22527.1,3470.9,-30175.6,-34010.8,-10360.9,20228.5,-21382.2,-9230.75,6766.07,4792.89,3926.66,1609.84,4028.33,-10424.6,10420.8,2618.37,4927.24,-9799.86,-18607.8,-15839.7,9654.05,2008,-1505.36,409.655,-10104.2,16563.1,73.139,2326.75,-2664.34,-42.4145,108.803,3787.51,-4311.62,4932.99,3329.71,11405.2,-4923.42,593.822,-20376,-18394.8,-5589.85,14806,-15449.6,-6374.72,3266.45,2449.87,5096.27,2416.4,-1726.34,-1748.07,-25.8927,351.981
-1196.13,3586.11,22035.4,-13265,-8881.96,102.37,-8205.07,-15140.4,-9873.25,5267.82,-6874.67,-15275.2,-1308.05,-2942.08,-12204.5,-4407,-8514.78,7355.26,63992.8,-7906.53,5799.16,-10507.9,-12021.7,2382.56,1087.07,6855.77,-39898.5,3402.88,-8787.73,9264.77,-9270.08,3300.53,15777,-2965.31,-6716.99,-6043.54,-8721.31,27094.2,9613.37,17501.5,1131.69,-21017.5,14595.3,-2503.36,-1392.98,13936.5,11976.7,-4882.5,-5786.11,5698.99,-1146.47,9464.79,18935.1,-3138.47,-2413.51,-12104.3,3848.93,-2893.23,5785.77,-19680.8,5764.46,8017.27,7837.41,6793.04,-15138.7,3881.34,-23426.6,-4669.96,-7472.72,-16716.6,13006.1,-23364.2,-24801.5,747.565,3754.13,-11780.9,-23262.2,-9564.45,14682.1,402.476,691.289,4567.13,8433.15,4145.17,18026.6,4251.26,-6835.78,-19708.3,-13731.6,-8290.57,13944.9,-13083.7,8932.24,3818.69,10493.9,9138.97,450.709,-4357.33,-527.877,-88.435,-7420.52,-4858.48,492.716,-12797.4,8194.92,-1279.61,7800.13,-16384.9,-21472.3,-14013.2,-7075.91,-7065.44,-17563.9,-5282.26,9683.74,1062.53,1578.75,-3891.89,947.241,-89.4684,249.701
-2756.17,-6153.41,-16206.7,9166.2,-5349.93,-6861.8,-715.063,17139.9,2566.66,-4996.51,2791.38,12088.4,10235.6,-31076.7,4021.79,-4464.31,-1497.45,-15395.5,-7906.53,44565.3,-2590.53,12285.8,6780.4,4855.09,3561.91,-12687.6,24597.4,-1344.37,24219,-16573.1,15527.1,-9288.37,-27649.9,-7492.88,-1507.7,-2009.37,5772.89,-33137.7,-11589.7,10941.3,-4797.74,18984.8,-149.691,14008.2,13200.5,15904.6,9865.9,11047.8,-2542.46,-2577.68,4862.2,2378.5,7165.89,4320.25,22104.8,-167.212,4738.96,-13724,-10730.5,-10999.7,5450.11,6537.27,-8838.96,-1911.62,6113.65,-3407.12,1281.75,-16640.1,-5570.35,19612.4,1766.45,29615.2,14391.1,25832.6,8319.51,19046.1,-6485.1,-10007.3,-2907.65,-4978.9,2426.6,3607.91,271.877,6639.97,-3247.54,-5469.98,10205,3464.61,20311.8,-2862.58,-8823.11,-9356.1,-1.57409,5355.07,-11686.7,-2223.28,-1296.5,3880.84,262.667,26.5146,1900.25,9150.87,6994.92,-1354.34,-5268.05,6052.9,-3064.16,20798.5,5241.46,14385.6,3416.37,5809.07,-3645.44,-8087.96,-74.632,-6775.31,2902.57,3657.43,1202.73,212.517,-339.81
-2326.48,12994.4,23355.3,6849.16,-9626.34,32021.9,15732.9,-9069.12,15146.9,-5811.96,-5699,15824.6,-9074.47,8456.41,-1745.77,674.026,-4080,13767.4,5799.16,-2590.53,36426.5,-24427.7,12847.1,-7035.94,12113.6,9897.48,-29186.6,-23384.8,4298.19,8458.83,11801.1,-2464.96,22151.1,10837.6,2522.79,14529.7,-3596.78,9917.49,-22755.7,14273.8,-8610.78,-30665.3,12279.2,-15651,-2125.39,452.509,4831.41,-5068.98,-5198.84,12468.6,-10290.5,-33287,30905.2,-1074.11,1436.89,-25976.2,19042.6,25950.2,17895.5,7268.33,18549.8,-21810.4,6805.63,-6367.81,-9719.51,9438.04,-23920.2,7609.23,-9616.52,4877.18,8022.58,-23029.2,-42794.3,-12996.9,21465.6,-14747.5,-25923.7,-17688.9,7127.33,-893.935,178.373,-703.81,-12462.5,-1667.08,22096,-403.631,-12660.4,-22945.9,1305.38,15657.2,16418.9,-12071.3,7075.73,-14153.9,9314.29,-7653.01,-263.414,-5985.57,-743.82,177.102,-2744.78,-1838.07,-7180.69,813.961,18278.3,20807.5,4251.54,-16226.6,-25939.7,-9419.97,13232,-9104.15,-21287.7,-17176.2,10058.2,16.9289,1396.48,-3839.52,-1905.35,-394.578,665.586
8535.66,-708.994,-22646.1,-16984.3,12774.1,-23851.6,-17445.6,12386.8,-205.957,-156.275,10486.1,-15369.7,15925,-28339.8,-4875.23,-3382.29,-103.414,-21243.2,-10507.9,12285.8,-24427.7,78012.9,13777.7,17851.2,-2563.08,-10394,41299.7,34133,31747.4,-6853.43,-23816.4,9972.94,-22397.7,-19231.5,-8522.18,-20846,-6019.24,-38580.7,46900.7,-5989.58,-17705.6,52446.6,10521.4,42233.9,28374.2,-2407.17,-7442.36,13559.8,7487.31,-18781,3861.73,26873.1,-119.571,-362.479,3397.5,40219.5,-25196.3,-39914.2,-22433.4,-21056.4,-21512.9,14973.2,-10614.9,10469.7,551.413,-21991.7,34808.6,-21556.1,-9748.95,4056.63,-1500.65,23308.4,52146.5,9880.4,-17704.9,27704.4,20928.6,14411.6,-7663.35,1412.98,1002.46,-6544.51,-937.791,-5543.82,-16621.7,-7984.47,21775.6,28156.4,-11086.6,-25766.9,-14281.4,5361.9,-5421.07,10173.8,-13763.6,12646.9,870.241,7297.43,617.38,13.1342,666.131,6512.45,-1649.68,-16808.3,-19311,-1928.31,463.038,2776.27,21175.6,2210.77,-9088.47,9945.57,12998.8,15672.3,-11506.9,924.647,-91.7062,5331.7,2168.16,252.629,-670.339
9020.91,19554.2,13857.8,2475.04,9507.52,9868.4,6608.69,-4495.96,8766.46,-3432.93,20362.4,998.656,-11404.7,-42699,782.476,14987.5,-4098.53,-11897.7,-12021.7,6780.4,12847.1,13777.7,72905.9,3379.68,8274.92,-6223.34,17298.7,-13909.2,29055.1,-1243.09,316.401,18012.4,-5984.13,-30792.7,-5516.69,-4824.74,-16726.9,-17636.2,15017.9,11104.8,-19849.4,5291.71,40695.5,11444.6,11453.3,-15748.7,4001.25,5606.78,4175.45,2592.1,-5558.7,-8179.47,31195.5,29005.4,-19730.7,-13658.8,4381.64,-14697.1,14116.5,-15653.3,4510.7,-13927.7,-9832.65,-3383.39,-3130.77,-14457.8,9055.93,-22359,-23010.7,18513.2,5011.75,2811.18,-4230.81,-5926.8,11398.6,8004.69,4345.81,-32578.3,-14321,-1746.48,4008.76,3333.52,-15597.1,3090.22,5746.94,13047.2,-19038.5,-12345.8,1637.58,4794.65,22362.8,-10723.4,862.578,-14077.5,-12660,-3422.55,-885.652,178.168,-460.928,437.203,7306.57,-7223.4,-11349.9,-20817.1,-2298.62,22365.9,9173.34,-4571.44,-5053.21,3187.38,8944.62,385.247,-1579.09,-26791.4,-9255.19,-1582.7,6095.73,-523.962,-32.3768,-411.157,394.874
2537.92,355.713,-1914.08,-11492,5290.94,-5088.56,-11676,-44.0026,507.592,-1035.58,10191,-7066.16,-3733.11,-15418.5,-7254.66,-1965.12,-1328.83,-4033.93,2382.56,4855.09,-7035.94,17851.2,3379.68,17672.3,4576.72,-8149.46,8106.68,14481.5,12169.8,-4380.23,-6183.07,4543.78,-4178.29,-5185.31,-5768.38,-6867.04,-2149.92,-10592,19201.3,4192.17,-3528.34,4065.66,4598.98,27166.4,14101.5,713.85,1470.97,6712.2,894.847,-2948.34,-2690.31,4069.48,2654.72,2321.8,9427.04,13680,-6727.08,-12611.1,-5829.88,-9901.24,-7998.04,3597.31,-1513.5,8634.94,5913.73,-11145.2,4555.28,-8932.22,-1372.9,-1207.13,908.927,-2598.9,5136.81,-225.132,-5149.61,9292.69,978.764,8684.28,-1632.6,1932.15,2979.77,1987.61,2019.29,-5186.62,-6902.43,-2141.19,6530.28,6932.55,-3657.55,-7660.18,1338.45,-1475.42,-3552.41,1265.17,-2211.38,11417.9,-470.317,807.757,161.494,74.7864,3614.59,-3260.14,-3653.49,-7916.29,-6151.78,1666.01,-1585.4,-8316.22,-3447.78,-2178.63,-4031.7,601.797,-194.504,7557.51,-1698.78,2266.11,3707.96,1574.64,1045.89,122.162,-100.042
4371.87,21481.4,3491,-8188.23,2729.83,10833.4,9533.03,-4824.41,9583.29,-54.3774,5624.6,-204.707,-5183.88,-4634.86,-2976.37,1246.78,-81.2001,-1877.3,1087.07,3561.91,12113.6,-2563.08,8274.92,4576.72,27038.6,-6045.82,4686.63,5005.66,11960.9,-3549.17,8608.5,-7803.64,7361.44,-683.152,-8.54027,4544.68,-265.094,-14246,-530.906,8954.58,-3088.43,-15826.9,13760.8,8936.67,28377,12303.8,14522.5,4119.04,-898.891,3363.15,1628.83,-16109.6,22420.7,345.309,12629.9,-7296.4,7704.49,-8852.66,851.068,1481.47,9837.68,-9511.51,-1665.03,-1267.55,-5129.46,-227.887,-14148.6,-3309.56,-5406.95,-634.553,18845.4,-1491.34,-15749.7,-2029.98,8401.94,-619.689,-15042.3,-1496.6,8475.93,-539.227,2368.79,-962.325,-2085.71,-11775.6,11117,-4689.07,-430.608,1699.52,6246.5,-4324.49,1995.36,-4769.79,2749.85,-2141.42,-2341.7,-1001.51,-1526,-3855.76,-176.119,-89.1018,-3355.98,-245.449,-10103.4,-3281.54,-375.917,8147.68,5667.25,-5907.15,-11068.4,-5074.18,-1645.38,-5745.54,-15484.3,-3689.35,12036.6,-347.765,3709.02,-24.9788,-667.036,18.9322,76.7247
-6420.23,-860.403,9716.87,-20369.9,-7156.64,2480.5,-8078.62,-1001.27,-6229.93,17677.3,-1206.38,-5886.12,-6578,3204.48,15230.3,-1659.14,-462.535,13159.8,6855.77,-12687.6,9897.48,-10394,-6223.34,-8149.46,-6045.82,60472.8,-3770.12,10544.5,-22073.4,-1452.69,15065,4104.03,1476.15,17964.7,1594.9,6645.14,-8979.17,28958.5,-970.699,-456.366,7900.79,-2034.34,-2983.12,-19407,-15133.8,6115.2,-21191.2,-9385.59,-2103.82,9475.37,-7848.65,-7799.94,12338.9,-12377.3,1657.95,205.211,156.87,18911,-4724.92,7035.48,2093.71,12006.4,1615.64,-759.834,-15185,21442.8,1502.57,13339,-5751.97,4467.85,1036.21,-15956.1,-9843.71,-12458.8,-10583.3,-2319.37,-6975.65,-8908.15,7775.79,-4653.36,-2481.12,-17088.2,-15853.3,-3535.14,18450.3,-141.249,5901.86,-4329.8,-7319.95,-1052.31,-8567.15,-2035.66,3995.87,7746.35,2810.66,-926.695,1903.64,1544.52,-320.635,-143.861,-5591.24,11623.4,3895.3,1593.74,2461.82,6341.11,7698.14,-5030.2,-593.702,-17674.1,335.533,9173.33,-5837.72,-3137.35,87.0701,-5763.28,-3105.81,-3478.78,4200.39,-50.6771,132.415
5264.91,-6664.11,-50127.1,-29401.8,22468.8,-10590.9,-23626.6,41541.6,-3358.62,17696.8,39633,-29563.8,1836.32,-46065.4,21468.4,7135.74,14310.7,-30106.2,-39898.5,24597.4,-29186.6,41299.7,17298.7,8106.68,4686.63,-3770.12,125602,51981.1,16842.3,-51194.6,30014.6,-9467.02,-65856.8,-6578.28,-3201.07,-14805.1,-3045.85,-58761.1,49145.5,-44989.9,7317.05,70425.7,3672.13,48121.7,36447.8,22360.3,-16767.7,20395.3,8846.52,-24004.1,36994.4,35205.4,-21666.5,4414.74,29204.4,34513.2,-34236,-28622.5,-45636.9,4062.3,-35800.8,26732.3,-21452.4,-1190.27,5960.99,-13487.2,58277.3,-16340.9,-9875.17,23510.3,4950.99,73791.3,77350.9,35897.9,-34095.6,55908.9,34584.3,14305.4,-14663.9,1514.63,-3889.34,-14695.8,3822.64,-12367.6,-27030.7,-893.952,22658.6,52864.7,21341.6,-13578,-43879.5,23537.3,-26599,23824.4,-28685.2,-1135.73,-1575.59,7928.6,919.654,-238.78,7256.92,9711.03,12547.3,5602.88,-40627.9,-20945.6,-1287.01,32576.8,46238.8,25244.2,-14982.4,32957,23859.7,13857.9,-12518.9,463.168,-6388.06,6152.37,3823.36,488.365,-1128.82
2407.53,-4055.93,-19500.6,-52843.6,15074.5,-24740.7,-41058.3,25424.4,-4127.67,11289.9,23210.4,-27281.4,8745.07,-25499.2,11457.6,-7370.74,6809.46,-13848.7,3402.88,-1344.37,-23384.8,34133,-13909.2,14481.5,5005.66,10544.5,51981.1,90073.7,-5227.01,-26285.8,16155.2,-6618.29,-38018.4,3425.98,-9127.5,-19791.8,-7300.41,-10809.9,68083.5,-40221.9,1377.95,37555,8899.85,39252.5,26699.3,16705.9,-11854.9,14492.1,-1181.7,-17262,26565.6,34267.9,-35069.2,-3201.9,26740.4,45282.3,-33193.6,-30808.5,-39083.9,-6061.58,-33288.7,38378.1,-2441.97,14715.5,-10855.8,255.738,29353.7,-10298.5,-10357.3,-17459.4,8430.09,24402.5,40589.1,-846.081,-40441.2,39575.5,6654.8,35364.5,1537.03,8921.11,-3991.37,-15285,18802.2,-25700.8,-27187.4,2011.43,23908.7,44369,-3561.72,-31006.7,-31081.3,19565.6,-14305,26230.4,-3588.97,18999.6,1346.14,4663.25,544.681,-373.327,-9069.05,11110.7,-4336.02,-1248.79,-30742.7,-32340.8,70.0856,2532.38,20947.1,-11097.4,-25472.9,21875.6,7769.46,33151.6,-6777.89,10381.9,-6635.56,3188.43,5426.5,471.454,-796.149
10903,8390.27,1456.34,9298.46,8752.13,9424.26,7283.31,136.2,18067.2,-20163.1,14983.8,16622.7,13935.5,-37109.6,-3603.63,2979.83,-5259.97,-11706,-8787.73,24219,4298.19,31747.4,29055.1,12169.8,11960.9,-22073.4,16842.3,-5227.01,69974.6,-2837.53,-2166.69,10352.5,-14742.1,-23113.3,-7456.16,-5961.01,-8980.18,-35441.3,8887.94,20327.7,-34674.5,16292.8,21643.7,29441.7,24840.5,-14545,20686.2,15511.5,1748.94,-1477.9,-2615.85,-10678.3,31798,16066.6,-34.256,8837.75,-754.074,-33043.3,3827.86,-18320.5,8018.98,-18238.2,-8262.93,4009.43,627.036,-11300.7,1777.52,-19241.9,-12814.8,32186.9,10634.8,17270.4,-863.002,2167.33,10545.6,19397.3,-3853.09,-13162.2,-5337.68,-2404.97,7294.3,4174.28,-4458.54,343.411,-9658.23,-2270.31,-2819.98,3320.1,4898.01,-11650.7,14258.6,-11919.8,4483.69,-16047.3,-10811.1,5583.97,-692.98,2293.27,-67.3478,247.125,4630.42,4859.36,-9532.89,-14090.4,3278.34,29515.7,2584.33,1799.41,-10878.3,8056.14,-202.488,-836.981,-6244.42,-11197.8,-1716.62,-2965.69,9603.11,3342.2,808.687,-182.616,-34.3111
-3575.7,5702.07,20450,27287.3,-13330,2132.33,4957.86,-21567.2,-334.307,-8525.89,-15795.2,29410.6,607.843,29603.6,-14502,-6592.66,-2566.36,14713.3,9264.77,-16573.1,8458.83,-6853.43,-1243.09,-4380.23,-3549.17,-1452.69,-51194.6,-26285.8,-2837.53,55787,-24830.4,12303.6,25715,10529.6,8155.36,4506.33,11128.7,29670.8,-25200.5,17298,-13536.7,-17680,-3480.55,-21594.5,-17875.9,-14982,15647.9,-4684.88,-2086.41,3277.49,-23476.4,-8812.47,-4250.55,2581.26,-19324.1,6492.47,7153.3,7392.26,24532.5,-8711.41,15444.1,-16565.9,8106.2,1033.02,818.129,5959.17,-16620.1,6827.44,943.244,-23422.1,-7461.76,-26657.9,-22090.9,-13887,19839.3,-16702.3,-12060.3,-1625.7,1845.18,-2693.83,3167.81,3486.79,-8518.7,16088.1,-1092.15,-10452,-10942.4,-13931.8,-16045.4,-404.973,14614.8,-14551.4,13156.6,-16951.5,10532.6,139.339,4510.74,942.858,35.2522,-192.038,-4223.63,-3551.69,67.9055,-1873.84,21885.4,-2826.67,265.19,-8973.47,-7929.43,-8279.07,8747.17,-11792.5,-8590.01,-3601.9,-2935.48,-3648.01,4356.65,39.3858,-2228.93,-177.533,172.344
-10504.9,4599.57,-7131.02,-11359.6,-8024.69,5263.64,-5504,16287.4,13815.4,8290.58,13332.5,9926.12,-5406.65,-13460.7,26646.2,-2285.41,4876.43,-120.047,-9270.08,15527.1,11801.1,-23816.4,316.401,-6183.07,8608.5,15065,30014.6,16155.2,-2166.69,-24830.4,61197,-20473.8,-16859.5,9204.36,1926.82,4800.53,5030.02,-2732.4,-2372.5,-14576.1,-13238.9,1895.02,6.08453,-7271.58,-4401.59,17359.7,-3841.97,1226.97,-8521.61,4912.21,13861.3,-13672.5,-1795.88,41.0413,35320.8,-11330.1,6641.18,6462.03,-13357.6,4004.74,2057.5,8071.4,77.0598,-2067.4,-11409.9,19731.5,-12232.2,-1395.02,-8028.03,9485.41,1516.57,13819.2,-13502.7,5367.44,-2230.9,15052.3,-20906.2,-8718.71,1904.29,-1614.54,-2654.82,-6238.23,3160.8,-6096.9,1767.9,1375.06,4378.68,5688.78,20616.2,4540.09,-15746.2,-2590.98,-7301.63,7558.54,98.263,-1613.08,1459.42,-349.157,-160.669,-376.727,-11891.7,10737.4,-5720.19,9800.95,3515.56,-2510.16,-5343.61,12783,1664.37,3553.7,568.876,15139.2,-12429.1,-9091.25,3168.45,-2083.59,-2911.7,-771.503,1849.28,-24.3453,-155.643
5964.56,-13294.8,5736.61,10568.9,2400.71,8687.83,-7804.6,-17811.8,-8908.07,-17866.6,-2978.2,13454.4,-10120.9,-10399.5,-12858.5,20015.8,-7954.81,11595.2,3300.53,-9288.37,-2464.96,9972.94,18012.4,4543.78,-7803.64,4104.03,-9467.02,-6618.29,10352.5,12303.6,-20473.8,48824.5,12406,3263.51,-4002.26,2915.57,-15060.4,17488.6,2237.64,24299.9,-105.237,-1304.82,13661,10022.5,-6972.74,-17621.2,-3081.67,-1082.19,3604,7413.02,-21483,2673.13,1079.14,20167.2,-12112.9,7723.57,-12589.3,-1187.66,7846.71,3414.9,-9627.54,-9608.52,-2905.77,5116.23,10362.9,166.093,13685.6,-4234.59,-6921.33,-246.685,1186.29,-12750.6,-10361.5,2772.46,2162.16,-5208.33,7715.92,885.848,51.8676,332.574,6189.69,4036.75,-18702.3,10067.2,-11529.8,14483.5,-6573.85,-16102.2,-23230,-6766.41,12254.4,-761.53,-1249.5,-11166.3,-3498.93,6208.94,324.09,4318.8,75.2001,325.569,19251.5,-645.258,7348.06,-16633.1,-1305.04,5913.32,6451.09,-16556.8,-11893.1,4805.71,3935.11,-5183.33,3727.15,3747.43,-4155.03,437.654,7725.15,773.19,-28.4809,-251.88,222.664
2753.12,15295.3,19608.4,15612.7,-6861.76,19192,22401.5,-38370.6,990.894,-6685.99,-28239.2,10302.4,-19603.5,35330.2,-12281.8,9953.19,-6891.02,25080.2,15777,-27649.9,22151.1,-22397.7,-5984.13,-4178.29,7361.44,1476.15,-65856.8,-38018.4,-14742.1,25715,-16859.5,12406,89368.7,9465.41,9412.74,14481.3,1004.84,34614.8,-32445.4,40684.6,7355.8,-63138.1,4799.58,-33008.6,-15480.6,3137.29,-3869.31,-18480.6,-934.835,13665.9,-32439.7,-36630.2,28366.6,-899.322,-14753,-33469.3,14632.1,20174.7,29564.8,18819.1,23115.1,-32096.8,13400,-3950.73,-993.012,5457.29,-34282.9,21409.6,-3013.71,-25897.4,16140.9,-59530.2,-55619.7,-14978.7,26007.7,-49868.8,-8309.81,-3356.22,17165.1,2217.95,3641.85,2243.18,-16535.4,-5780.48,27323.5,209.481,-11504.9,-34992.6,-35847.7,9440.41,19486.7,786.507,13540.5,-15758.7,18218.8,-4901.11,-1719.29,-8758.35,-631.583,229.284,211.656,-16030.7,-6782.41,-3683.14,10254.8,16006.4,8802.73,-30667.5,-31142.4,-14782.3,18353,-28184.9,-7388.36,-5304.77,19696.2,4379.94,6240.89,-5871.84,-5640.19,-427.263,1037.24
-5609.52,-6382.88,4631.63,14848.1,-8359.64,39111.8,-4461.05,7430.66,-10470.1,5869.48,-3709.5,20068.3,-18354.2,46281,-2636.77,7874.2,3661.91,33195.5,-2965.31,-7492.88,10837.6,-19231.5,-30792.7,-5185.31,-683.152,17964.7,-6578.28,3425.98,-23113.3,10529.6,9204.36,3263.51,9465.41,81408.9,10394.1,31758.5,11532.4,28418,-19241.9,-22403.6,25532.1,-16108.6,-23843.5,-4620.85,-16404.1,24203.2,-2223.74,7363.15,-6376.89,-2713.52,-11422.6,355.722,-21421.8,-8384.01,11498,5428.71,-13598.2,45081.1,-21074,51001.4,-3350.8,-19124.2,5895.56,-4567.16,12699.7,19638.1,8031.29,14881.9,114.418,-38522.2,-8915.26,-5257.64,-18827.2,10700.7,10362.6,6395.01,-11605.5,24218.1,6304.33,4182.19,-2031.22,-12861,-14068.2,1878.51,-9262.7,-930.902,-2592.71,11134,-8888.3,-561.054,-35983.7,12008.4,-7729.11,-10306.5,6687.34,-7369.02,4666.63,1160.81,766.806,-360.983,8066.64,1104.33,18742.1,21020.6,-434.73,-29442.6,-9869.84,-8541.9,-3586.06,226.667,12015.5,-2822.92,-2705.68,16781.3,2534.28,4196.96,-3205.57,2225.14,-1385.08,489.13,-247.763
-2563.98,835.838,-6670.13,9183.91,-3265.72,-788.077,6120.19,-522.769,-827.825,4882.21,-7370.68,6782.36,527.709,17301.6,5239.96,1488.65,3430.81,3310.57,-6716.99,-1507.7,2522.79,-8522.18,-5516.69,-5768.38,-8.54027,1594.9,-3201.07,-9127.5,-7456.16,8155.36,1926.82,-4002.26,9412.74,10394.1,13010.8,5918.79,9151.79,7912.57,-14209.2,-1263.65,7669.7,-3654.17,-10909.4,-18724.1,-9127.81,5035.66,126.803,-3423.2,495.607,-1032.24,-3755.3,-6323.19,-4049.82,-2242.08,-3971.78,-3928.84,2768.15,4894.81,6550.94,9234.89,12754.1,-1578.68,731.569,-5857.93,-1404.26,7162.09,-3333.47,9674.25,696.347,-7011.81,1535.14,-1735.97,-2737.5,5101.24,5296.43,-6736.86,5554.45,-148.897,1434.13,-2780.93,-1484.1,-1755.73,-1752.82,149.005,2845.13,-4845.53,353.085,871.456,416.448,2229.57,-9761.54,2458.99,4795.13,1409.68,845.486,-7752.59,1284.44,109.54,167.057,-209.377,-5776.7,-736.055,3767.25,9807.91,-2440.25,-6172.98,1240.37,9984.63,6061.61,5191.31,4466.67,-1658.38,5555.65,-2655.49,2162.45,-3748.78,-1691.52,-405.259,-743.935,87.0026,-31.3645
-1881.66,4618.94,6776.79,20380.1,-8372.69,25517.4,19120.4,-4758.87,2181.56,-5008.22,-9705.3,24625.6,-10852.2,26782.4,-3650.29,7358.27,-6120.92,17994.4,-6043.54,-2009.37,14529.7,-20846,-4824.74,-6867.04,4544.68,6645.14,-14805.1,-19791.8,-5961.01,4506.33,4800.53,2915.57,14481.3,31758.5,5918.79,30345.8,-2440.17,14952,-34160.3,1199.13,5866.92,-25878,-7087.29,-11442.7,-7191.65,5300.53,8401.71,582.368,-2942.61,10509,-10954.9,-15222.8,6.84981,89.1403,-3405.44,-15539.8,11782.1,24213.3,3217.05,36015.7,17711.8,-25339.6,3508.22,-7257.7,5921.63,15165.4,-10158.2,4435.5,650.035,-7009.04,-9249.2,-7203.56,-25335.8,3685.52,25378,-8331.7,-10221.3,2626.02,721.706,-901.165,751.113,-351.397,-13464,7912.77,2906.78,2909.78,-13788.6,-10685.3,4700.89,8284.06,-3285.68,-2113.25,4087.18,-16093.1,4007.08,-9646.91,479.164,-1430,181.543,84.4851,8845.75,682.619,6380.31,6801.78,8130.62,3372.36,-11302.3,-5378.88,-13500.9,4475.85,17345.7,-8873.71,-6426.78,-1649.85,4161.57,-1376.88,1246.28,-23.8756,-1628.9,145.88,271.567
-5669.66,6273.9,-10399.3,12690.7,-5489.75,-3414.3,-2091.34,2717.64,-3852.24,9285.83,-6398.66,4882.27,-664.706,13921.4,5331.55,-7213.4,14959.5,-3166.91,-8721.31,5772.89,-3596.78,-6019.24,-16726.9,-2149.92,-265.094,-8979.17,-3045.85,-7300.41,-8980.18,11128.7,5030.02,-15060.4,1004.84,11532.4,9151.79,-2440.17,35052.9,-3936.16,-14293.3,-284.085,10131.7,4493.47,-20075.9,-12637.7,-6902.96,9768.87,1033.51,745.6,-1421.82,-7092.14,-3544.21,2658.97,-10288.9,-8288.45,7738.18,4589.53,-874.549,3812.07,-3661,2451.24,978.654,-1550.64,-1847.39,-3659.27,6907.17,2936.75,-4988.66,9834.09,9416.21,-13149.5,-2526.3,7809.32,6343.31,6207.08,966.848,4120.61,1030.06,4286.22,3874.27,-1606.64,171.217,122.931,3133.35,1655.41,-2021.56,-13195.7,8995.56,10088.9,2278.71,550.171,-15371.9,6530.42,-534.093,1980.44,-2504.01,-5436.08,2367.43,935.015,243.469,-456.268,-12573.8,503.677,3749.68,12701.9,1438.9,-15294.8,-1121.76,18043.6,12833.2,2191.59,391.386,4204.87,3736.9,1435.14,3023.5,-2239.59,156.069,2255.81,-1883.51,119.746,-335.664
-9018.54,-8073.25,26206.1,13403.1,-12988.4,3674.53,-2460.62,-21948.4,-8152.26,541.646,-16558.1,20821.4,-7247.65,43412,1707.46,5585.2,-4024.34,35331.5,27094.2,-33137.7,9917.49,-38580.7,-17636.2,-10592,-14246,28958.5,-58761.1,-10809.9,-35441.3,29670.8,-2732.4,17488.6,34614.8,28418,7912.57,14952,-3936.16,77078.6,-13634.9,929.125,4092.91,-36963.2,-4818.23,-45034.1,-43898.6,-10912.4,-342.179,-17346.4,-8989.25,16297.3,-18814.6,-3929.32,-15231.6,-1116.13,-20091.3,-15188.3,3648.37,28222.9,16630.9,13490.5,19883.5,973.84,14534.2,-263.115,-8621.4,27123,-14433,12705,-635.817,-30202.3,-415.492,-47334.3,-42080.8,-18286.8,10856.7,-31680.3,-14030.8,-1850.21,7868.83,-2266.95,315.309,1774.2,-4140,12164.8,5765.97,10307.2,-13821.4,-26273,-22940.4,3618.8,6044.25,-5182.15,14089.2,-3965.36,19242.5,-542.612,2513.82,-1283.97,-269.366,5.41726,-4557.63,-5668.13,4288.61,3371.04,14129.9,-10078.1,3236,-12531.4,-14862,-11348.8,7021.83,-10659.1,-2464.52,-871.815,1747.5,-2681.83,1011.22,-5027.87,569.526,-122.207,536.626
12416.1,785.116,-5015.8,-50320.7,29723.5,-13237.7,-37987,20960.4,-8835.85,17525.9,40466.6,-52990.6,1379.83,-36906.7,9676.11,2053.62,4843.58,-12726.7,9613.37,-11589.7,-22755.7,46900.7,15017.9,19201.3,-530.906,-970.699,49145.5,68083.5,8887.94,-25200.5,-2372.5,2237.64,-32445.4,-19241.9,-14209.2,-34160.3,-14293.3,-13634.9,107725,-42125,3147.07,48016.2,26480.6,42567.7,23366.7,3844.41,-16369.4,9657.47,5304.4,-20497.2,25454.8,40707.6,-3259.34,5373.33,3725.27,32065.6,-34373.8,-34365.7,-32904.1,-23385.2,-37443.7,40642.6,-5645.94,13688.4,-13006.8,-22116.3,46529.6,-14526.6,-13317.5,-15604.4,19680.8,12514,45387.3,-699.797,-40422.6,31498,24738.1,22132.9,-3705.18,13575.3,-3645.01,-7914.39,23121.5,-27171.5,-13204.6,9153.38,18776.5,35179.4,-12544.7,-24292.8,-18463.1,20293.5,-14826.1,25013.2,-7297.98,18348,108.97,3092.21,132.64,1.1111,-12298.1,-5321.3,-14487.5,-8689.77,-31273.8,-27701.1,14368.1,-6114.7,22654.9,-7038.04,-23887.8,18900.1,18266.2,23214.9,-11543.7,17355.8,-5594.27,1343.12,5276.97,214.532,-488.437
