8759.6,1759.93,1335.71,1510.28,11053.7,8676.3,4110.32,3926.84,-4590.72,1031.71,9085.49,-6130,-3600.42,-6864.57,-59.887,6787.12,275.219,-4138.68,-6487.99,1604.37,-2697.09,5323.09,7648.08,290.444,-197.678,-4766.95,11307.9,-1457.31,9717.1,-5987.17,-4862.78,3775.66,-6704.43,-2463.16,-1135.5,-529.888,-3286.43,-10564.3,7473.53,-3535.84,6978.78,7158.04,3982.19,5667.6,3988.53,34.1884,840.223,5178.86,3087.9,-3650.04,3017.9,3974.56,9368.52,4703.73,-8348.85,-464.779,-298.35,-2990.29,-2312.34,2970.11,-2792.88,-2208.56,-3608.46,-2044.89,2090.01,-3393.03,8953.12,1669.37,-2487.93,5020.87,375.279,7315.39,8514.01,4846.65,-666.851,6597.39,9374.21,-727.441,-3768.6,2820.02,-375.064,-281.723,-492.225,-2347.45,655.058,3822.08,-3669.45,4303.8,3822.39,701.819,-535.95,3877.5,-2971.65,-2197.14,-4880.64,-2442.37,330.503,363.098,-15.4765,44.9384,2455.87,-274.94,-1123.59,2373.39,-6901.57,1212.28,-445.887,1189.24,3961.42,4844.95,412.372,109.846,5887.87,-1811.98,-2837.4,3781.72,-382.783,1076.92,70.2487,0.463992,-0.245305
1759.93,57581.7,10216.8,-1083.72,-8932.89,6578.95,14985.6,-6812.49,4656.99,10033.6,-1188.41,8942.75,-9339.56,-13975,6582.83,-11600.5,2857.47,-14183,1024.19,-394.494,13968,319.278,14565.7,-2004.98,14269.8,9235.13,-8753.28,-7283.29,1486.03,11081.2,9739.85,-14381.3,11373.4,-6675.48,3650.43,4845.72,11780.8,-10256.9,-12708.1,12291.2,-8691.24,-6884.58,10810.5,914.271,17828.2,-306.199,11016.5,-2860.89,-52.5061,5548.19,-6246.54,-17103.7,22532.7,-9797.17,-8071.37,-6183.07,24033.8,-9306.35,3579.31,2136.34,19360.2,-13012,1135.76,-5959.84,-22341.8,16742.7,-20085.1,1284.04,-9953.99,-3246.8,-3294.71,4517.41,1522.33,-10983.6,23210,-6257.63,-10636.6,-10556.8,-529.877,-2603.16,586.875,-6887.12,-10127.8,-236.412,16624.3,-18553.2,-9778.5,-5304.72,8493.87,-4338.22,-869.362,-4217.64,9792.69,-7967.51,1785.74,-7400.62,2338.25,-756.486,-254.734,-380.32,-21128.1,10819.2,-10677.7,-3785.73,6971.99,9764.19,-3995.51,947.906,1580.46,-9396.67,12663.2,-2681.81,-12186.6,-11351.6,865.107,-2814.1,1659.54,-782.856,808.199,-182.384,218.284
1335.71,10216.8,39908.1,-7057.68,-5600.25,21834,-1347.87,317.67,-8204.25,-535.316,10824.3,2038.81,-10058,-7714.86,-3182.73,-10634.8,-1764.34,3130.9,19209.9,-11178.8,11956.1,-5982.8,1415.18,2680.38,-2752.69,20888,-29249.1,2945.23,-11949.7,19142.9,-3729.97,6627.65,11688.5,11736.1,-5283.57,-340.304,-2477.73,17892.2,5245.98,-1746.64,4483.39,-18378.7,5070.68,9614.59,-4852.17,-2814.81,-2439.61,1993.48,-6132.06,-4431.13,-4207.08,-9989.29,17104.8,-3293.55,-8568.95,12025.4,6984.71,11448.2,-3204.1,-6442.03,1222.43,-1734.14,7257.28,771.75,-11420.1,14717.6,-3223.17,8311.67,-11797.9,-17542,-10166.9,-19141.7,-12295.4,-18220.4,8931.1,1540.72,-18598.3,2639.08,2713.43,3924.2,-2817.13,-12755.3,-5407.91,-5002.75,13993.9,-1608.93,-7201.29,-5765.38,-11536.3,-3087.01,1896.56,-7073.86,6868.73,-7226.96,9686.1,778.426,1390.62,-239.863,-382.375,185.602,-5293.19,6278.14,-3270.23,-2039.02,2997.62,2303.76,969.676,-24556.8,-9503.85,-21038.2,9617.12,-2613.41,-11940.4,3556.74,-3533.86,5480.09,-3622.44,-1437.91,1188.03,-111.413,404.268
1510.28,-1083.72,-7057.68,42295,-4249.83,-8637.47,6770.41,-8893.1,-5167.05,-13484.4,-15374.3,28008.2,6514.49,8584.49,-10185.2,117.444,1791.63,703,-6751.3,10841.9,-8685.55,16127.4,-2039.9,-1098.59,-5500.83,-18304.4,-10664,-21745.3,14229.2,22724.3,-22567.3,10588.2,3301.9,4030.98,1455.74,1635.77,14639,-4372.65,-19795.7,17549,-2847.68,6502.64,-1141.18,-3516.47,2786.26,-11170.4,18043.3,3014.3,510.246,2111.12,-13850.8,15731.1,-1864.35,953.175,-11850.1,11883.5,-1990.78,-9641.99,418.254,1589.29,4129.06,-10961.5,-2235.32,-3194.02,10655.5,229.214,9940.07,-10462.8,6000.01,-4347.49,411.041,8258.6,16216.3,5426.12,20925.5,-4680.42,6762.87,2910.04,-594.551,-2468.32,4810.29,9273.75,-9922.47,19263.9,-7571.17,-7690.93,-1216.91,1460.81,-6230.23,-7681.49,-1481.9,90.0729,5381.96,-9183.14,-3021.51,-5439.33,1227.12,3815.69,309.193,24.7478,2392.35,6174.33,12833.3,-5678.85,5340.66,-304.991,-957.932,10676.5,6194.1,7396.06,8601.36,-9056.51,8403.31,2275.96,-1720.23,-3470.58,5811.94,4003.97,-2398.5,-22.4473,-178.695
11053.7,-8932.89,-5600.25,-4249.83,24679.2,8319.32,-2959.2,11961.4,-5841.34,10723.5,21314.5,-21144.9,-5460.86,3901.58,4338.43,15494.6,7418.71,-3424.02,-18416.3,139.069,-9230.4,3388.86,7567.85,614.941,-1765.06,-10417.3,31521.3,3969.85,9583.08,-20302,-1680.35,-1656.56,-19065.6,548.89,-1212.14,-2725.47,-2770.77,-14853.5,20832.7,-20792,13893,18350.7,635.652,4277.05,26.3815,5629.78,-7020.67,8809.41,4587.06,-9498.46,11276.5,10766.1,3232.11,4914.63,-6332.42,-4358.49,-11676.5,4092.8,-9947.75,6174.75,-12919.2,1711.92,-8248.18,-2722.69,11644.8,-12949.1,21860.8,3413.56,298.738,10276,5686.83,13297,16105.9,9069.55,-17595.9,15971.3,19489.4,-1626.52,-6193.19,4944.03,-1084.48,1197.9,6552.61,-9107.83,-4304.79,10110.4,-155.637,16183.2,7637.94,8019.2,-7679.18,10552.3,-12561.1,2399.61,-11275.3,-3164.93,380.148,-347.76,141.333,-30.5775,7755.01,-8308.39,-97.3035,10451.3,-15114.5,-5937.95,1359,8274.03,13057.7,9952.23,-8550.9,5738.8,14958.9,-3147.09,-3417.19,6366.81,-1333.07,1729.01,-171.476,153.307,-259.566
8676.3,6578.95,21834,-8637.47,8319.32,52464.5,-4136.04,12504.8,2812.39,-1057.84,30325.5,-2060.34,-6444.68,-24262.6,-1219.49,4726.52,2428.14,606.086,414.643,1945.22,13876.1,7977.42,19692.6,6620.5,7523.3,2556.05,19549.4,9202.29,26893.2,-7786.3,8261.89,5862,-18895.8,4722.37,-10054.5,-1536.22,-11082.4,-16471.2,24681.9,-12155.7,-5391.97,11514.2,17620.4,33681.5,13951.5,-640.444,1905.18,15219.8,-2706.72,-7814.56,7735.93,-2450.86,24037.9,10768.8,655.547,3716.07,-7337.03,6152.1,-13045.7,-3197.3,-8936.03,-10597.2,-1464.41,343.923,-9330.13,-6430.69,13769.3,1000.6,-16909.4,6382.98,4848.67,12732.8,-4406.09,-2013.28,4338.32,27809.4,-11306.7,-610.122,-8015.29,7982.17,-1644.73,-8546.01,-3916.97,-4578.54,1671.51,7041.77,-9578.14,5085.53,2823.59,3472.22,-908.961,-2133.58,-7266.23,-11431.8,-2251.26,803.396,1066.66,-877.263,-218.071,199.607,3362.64,-4481.54,-4732.92,638.016,-1449.59,3051.12,3594.28,-14251.5,-8775.42,-1495.75,5518.98,8093.76,-8870.93,-1796.16,-7074.85,10472.7,-2217.17,1553.6,28.2546,-178.12,65.5808
4110.32,14985.6,-1347.87,6770.41,-2959.2,-4136.04,36648.9,1572.36,5936.65,-7957.05,-11897.4,3375.77,10487.2,-6665,-728.944,-9294.28,-3801.65,-12006.9,-7219.39,2459.39,1662,6789.86,-1339.67,-4787.17,8043.73,-2739.59,-5087.15,-11985.7,3898.52,2375.06,-7904.17,-9064.67,11435.3,-9815.45,3193.06,6742.44,1229.43,-14018.9,-18004.3,2743.42,2422.45,-15893.2,-3908.01,-5264.28,15349,-4379.16,7329.17,-1852.87,1745.78,-1089.75,6266.16,-11526.9,8710.09,-6952.76,-9181.5,1508.88,24393,-16142.8,8216.24,10533.4,20905.6,-5229.31,-1553.18,-7005.21,-7009.55,3387.17,-8049.36,1232.26,8799.88,6037.6,-3589.32,2188.04,5083.58,-755.52,13640,-9693.44,-482.221,4366.22,1352.5,-3383.58,-967.806,-5531.39,655.359,-3608.31,8577.51,-10632.5,-1542.52,-1121.54,12157.4,-7451.62,4854.84,2059.05,14168.5,-412.914,-1956.65,-8839.22,-4529.93,-1755.15,-68.6945,335.336,-5650.2,5455.55,-6629.84,-1343.12,542.236,18135.9,-2469.88,1277.58,-918.508,938.678,6527.21,-7264.45,-3050.49,3147.87,5618.3,-4062.36,-1250.82,-463.178,79.376,119.153,269.249
3926.84,-6812.49,317.67,-8893.1,11961.4,12504.8,1572.36,24325.8,1958.57,6243.2,18775.1,-19391.2,3711.34,4947.85,6628.79,7311.69,2143.95,-3765.66,-8749.59,9618.05,-449.012,1667.83,2974.59,-1102.64,2653.74,-10431.6,23985.4,9373.11,7953.36,-19632.6,7724.86,-14089.9,-22467.1,7567.28,-1934.2,240.138,-2214.35,-14663.7,17382.7,-28092.5,6546.97,11476.9,1493.72,4110.54,2725.56,18438.4,-363.909,12003.7,-750.393,-14709.1,20071.3,4542.25,-658.283,2338.41,3812.12,-7251.6,-8028.87,7129.91,-14755.2,5309.35,-5878.09,1941.62,-5549.1,-4063.37,8456.23,-13484.9,13588.3,2045.93,-3698.43,5650.42,8005.38,14729.9,6434.63,9151.96,-15178.9,20475.4,2639.36,-168.416,-3775.06,5346.79,-2133.5,-5523.5,13705.5,-13910.8,-3717.9,8011.93,3150.83,15902.7,12264.3,5848.29,-12221.6,5582.05,-8521.43,2767.15,-7945.87,-5076.91,587.676,-1211.2,248.761,-47.9881,5117.6,-9759.39,-1114.64,11302.3,-11705.7,-6059.38,2045.21,7918.86,6074.74,3149.59,-10539.4,5977.19,4138.08,-1829.03,-1519.76,6598.75,-2812.24,1436.42,243.042,318.748,-341.923
-4590.72,4656.99,-8204.25,-5167.05,-5841.34,2812.39,5936.65,1958.57,26880.7,-13553.5,-6948.25,12503.6,12561.1,-3621.89,1526.2,-8773.11,-2478.89,-5179.51,-9974.95,1929.73,12281.7,3109.34,2304.12,3465.15,10468.2,-7314.27,2973.53,3818.32,11403.9,-3631.43,12633,-8458.65,8674.98,-6477.36,2065.28,1922.85,-2329.04,-12537.1,-4232.76,-2989.37,-22214.6,-5948.25,44.9488,6734.83,11118.2,-7412.04,-2519.39,-4010.79,-2002.54,2135.35,1978.9,-20985,-5627.21,-2765.29,13265.7,2086.93,7414.16,-5040.56,7816.89,649.169,7576.28,-10517.5,3775.75,3162.64,-4731.02,-542.746,-14725.9,-3593.43,3702.21,8249.8,396.556,-365.713,-12960,-4341.8,3306.46,-2994.77,-11575.7,7498.61,-2821.56,-1802.71,37.2458,-2912.3,-104.401,-5615.7,-4454.09,-8317.44,1784.16,-1657.23,5533.55,768.769,6171.8,-2262.83,2385.33,-4011.92,5096.83,4696.91,-2196.05,-3158.02,-200.604,129.548,-2428.99,-1132.59,-11094.1,-1421.89,7420.16,10563.9,-3470.39,-3526.42,-11826.5,3502.63,2659.65,2835.6,-10354.8,4196.39,3409.88,-2254.93,223.365,-1203.45,-1867.51,-251.182,222.562
1031.71,10033.6,-535.316,-13484.4,10723.5,-1057.84,-7957.05,6243.2,-13553.5,42945.6,18178.7,-31744.8,-14788.9,18683.7,8814.99,7044.31,10949.9,4263.12,2903.87,-5066.08,-5378.36,-3896.66,-1195.88,-3847.28,405.252,12030,17202.5,5494.74,-14437.3,-10687.9,7046.75,-18805.5,-12235.9,7983.72,3694.18,-2285.34,8359.69,2388.33,16516.1,-16249.9,15288.6,17731.4,-1839.99,-13303.4,-6204.67,23468.3,-6018.26,4022.72,931.24,-4927.33,7323.74,16441.1,11354.2,-9881.11,-2009.88,-14714.2,-4743.92,10965,-12603.9,477.073,-5767.5,16541.6,-3446.29,-4755.8,-3999.65,-4431.11,6716.15,7816.17,-6660.43,-4662.37,9376.32,504.1,12150.4,2534.5,-12067.2,12062.3,9638.44,-14226.7,2047.11,3456.3,-4620.9,445.593,7503.79,-6091.54,14359,517.739,977.181,13428.9,7248.09,7605.18,-17457.9,4294.36,-8680.65,14601.6,-4849.07,-6095.58,3811.54,-1780.78,80.1438,-600.934,-10493.2,-6343.96,1200.37,11432.2,-10004.1,-15921,5049.61,8787.48,18669,-5038.63,-6485.7,7835.29,9073.37,-13107.5,428.487,4488.08,-5482.11,-465.724,931.499,315.841,-456.711
9085.49,-1188.41,10824.3,-15374.3,21314.5,30325.5,-11897.4,18775.1,-6948.25,18178.7,51363.3,-27100.4,-20238.1,-6246.65,7459.99,15986.1,4710.36,958.123,-11423.8,3293.54,-2947.48,-558.515,19267.5,8598.18,5281.15,-6744.92,43823.3,11474.5,14543.2,-22267.6,14485.6,-2312.91,-26399.3,7401.35,-5648.39,-4013.86,-6108.3,-15947.3,35488,-26300.1,8368.9,21683.2,12958,25268.8,2255.9,19098.5,-8021.44,17445.2,1310.55,-13865.4,14650.9,7857.16,14424.9,14798.6,7173.6,-1214.49,-15457.9,9620.78,-21521.8,-1111.81,-19209.9,-1348.61,-8770.36,331.058,11447.5,-14649.8,22102.4,1115.78,-15015.5,5642.17,12408.3,14400.4,6295.28,13637.4,-19128.5,33561.5,6193.31,-5000.1,-9120.91,8646.78,-1350.49,-4101.07,10532.6,-13367.5,-2192.75,13997.3,198.168,21146.1,9214.64,10251.9,-14323.3,4296,-19683.3,-2403.68,-12433.1,1162.42,3040.46,314.912,330.417,-272.713,9837.28,-12893.3,-2493.27,9129.62,-16906.3,-12112.5,3962.57,-2501,10397.2,7971.48,-6949.72,12516.3,4732.62,-7321.64,-7752.46,10684,-1471.73,2863.51,662.939,255.613,-461.402
-6130,8942.75,2038.81,28008.2,-21144.9,-2060.34,3375.77,-19391.2,12503.6,-31744.8,-27100.4,66732.5,12730.2,-4273.96,-11714.7,-16125.9,-1629.06,335.139,-2491.27,10793.7,10375.9,10518.5,-2590.28,4178.54,6800.43,-505.375,-32879.2,-9426.82,17237,33640.1,-4840.53,15598.3,24953.2,2650.97,1342.16,9580.42,5470.8,4794.32,-40881.6,38119,-30493.5,-17007.6,8218.2,6238.26,10503.9,-18714.4,17155.4,-1312.33,-7417.74,13896.5,-28807.3,-28026.6,-5856.88,-1102.41,8433.38,18415.6,9607.03,-10360.6,9267.34,-2827.99,19019.1,-22728.1,5805.28,3830.74,-5641.54,23976.9,-14615.3,-9723.02,-6438.63,-1426.55,-5512.96,-3891.66,-12467.2,-7759.69,33010.9,-11164.5,-27936.9,4141.51,7424.9,-10905.7,8057.05,2242.04,-23444.5,17255.9,-9701.48,-18108.1,-608.026,-17208.3,-13102.6,-10437.1,7068.3,-16133.8,16228.7,-18613.1,8031.65,3917.96,-1052.8,4871.56,206.773,195.598,1344.56,19882.3,7725.62,-13497,18200.6,18082.3,-10107.6,-3942.35,-13486.2,-2992.1,19428.3,-10471.7,-19140.1,4748.2,5588.32,-14475.9,9812.74,2342.92,-994.003,-197.691,194.755
-3600.42,-9339.56,-10058,6514.49,-5460.86,-6444.68,10487.2,3711.34,12561.1,-14788.9,-20238.1,12730.2,41204.1,9504.08,2581.38,-9010.3,295.848,-9148.98,-1363.46,6850.36,-441.894,2881.48,-13003.7,-7404.38,-1633.19,-9605.83,-13197.8,-5444.79,9707.26,3534.72,-6244.73,-11017.5,-570.653,-13602,4973.48,-577.301,-362.278,-2476.9,-15674.5,-2834.36,-11450.6,4085.14,-10734.7,-14574.7,-3278.89,-8069.31,3463.58,-7162.02,-2973.18,-2868.32,5171.65,-9908.37,-17183.3,-4428.12,-6621.69,-4875.25,-532.675,-10418.3,5962.15,-4821.11,19265.8,-2729.17,-22.4672,-2300.89,-4662.47,-725.647,-5918.88,-2925.88,8697.86,7717.31,5850.55,12323.4,-1156.18,3898.4,598.893,-10066.7,-8683.01,420.917,-311.36,-8104.07,1427.71,-978.937,8211.99,1666.82,-5319.17,-6174.61,3382.59,-5625.07,1536,-1402.85,-553.11,-4216.17,13225.2,1038.57,240.242,-3216.84,-2631.58,185.724,165.818,99.2816,-1391.48,-3277.12,2615.92,2402.84,5422.84,1923.23,4062.04,18621.3,243.693,7508.19,-3269.52,-422.034,-4923.15,1267.3,3767.67,-10768.5,1402.07,-296.91,-613.664,23.3936,-103.805
-6864.57,-13975,-7714.86,8584.49,3901.58,-24262.6,-6665,4947.85,-3621.89,18683.7,-6246.65,-4273.96,9504.08,106339,1754.69,1877.28,10524.1,12665.7,-10516.6,-20206.2,-14754.8,4024.98,-48081,-11710.7,-8229.15,550.16,-9111.79,3468.5,-25355.6,15927.3,-17841.5,-18469.3,-7435.42,39606.1,8438.48,10709,19274.5,21217.7,-8922.91,-33070.3,643.125,22698.3,-28239,-35031.4,-20491.5,15015.7,-587.561,-105.576,-2714.86,-9008.37,1627.04,10417.8,-27566.5,-31237,-2979.36,10945.8,-17378.4,25007.8,-17586.5,17613.3,-10487.9,2760.14,442.585,-2819.51,16471.6,8544.64,9541.05,18412.2,15549.5,-15639.6,-4270.11,-5249.52,15812.2,-5127.45,-24016.8,868.054,3589.26,11801.8,11677.7,-856.997,-3325.44,-302.231,11116.5,-6518.42,-4135.4,-4146.3,16746.1,31730.5,-3212.08,2336.32,-28957.2,6449.84,-7248.67,6485.42,93.7625,-5987.51,7116.54,2116.7,828.176,-953.254,-1918.77,3106.67,12339.3,25006,5783.34,-27367,-9357.77,15249,25385.1,-8937.66,-20404,1703.57,10352,8320.42,4672.95,-2137.46,-5124.11,3044.43,-981.919,631.575,-1018.78
-59.887,6582.83,-3182.73,-10185.2,4338.43,-1219.49,-728.944,6628.79,1526.2,8814.99,7459.99,-11714.7,2581.38,1754.69,22144.4,4332.53,5311.54,-5920.48,-6015.5,879.624,2720.06,-5162.51,3740.42,-4874.61,1557.45,11175.5,11598.8,4600.32,437.632,-12372.9,18716.6,-9478.39,-616.912,-5056.02,3923.35,-4178.43,3571.18,347.653,9018.41,-4591.82,3315.46,8171.97,4178.33,-15897.8,-5939.96,9473.69,-10546.7,-5148.57,-644.186,-2774.4,5107.18,-7832.88,13120.1,-277.372,261.77,-11806.6,-3555.99,-1792.4,-5715.82,-701.136,4311.83,3761.77,-5122.74,-4115.3,-8308.96,3317.78,2467.95,8864.37,-3989.53,6486.7,15800.1,3281.33,203.92,1394.95,-13684.7,-1720.6,1613.49,-9980.14,3509.54,-2246.42,-343.681,-7512.05,3277.92,-13283.5,10910.3,3464.02,8766.38,3367.33,-555.645,642.286,-11185.3,4943.52,464.008,5028.9,-6333.89,-4730.15,924.043,1040.47,-72.1099,-255.596,-10374.9,-1287.56,-3184.49,6243.36,-5862.6,-921.683,10149.1,13799.6,8618.3,-1400.99,-7032.48,5354.79,1936.07,-7991.96,2454.45,-2572.74,68.5865,-1120.21,1857.24,-16.1762,-47.9014
6787.12,-11600.5,-10634.8,117.444,15494.6,4726.52,-9294.28,7311.69,-8773.11,7044.31,15986.1,-16125.9,-9010.3,1877.28,4332.53,26697.2,2199.02,454.671,-12527.9,3866.96,-10653.5,8630.11,13454.9,-193.04,-3604.39,-5879.75,33634.7,3388.51,11007.7,-18869.3,370.205,14463.2,-20206.6,5589.46,-1657.91,-1017.71,-5062.2,-8394.33,17511.2,-8296.1,9427.38,25187.1,3962.66,4599.87,-2603.3,7988.35,-5566.76,7680.73,4961.03,-6294.43,4611.02,17476.7,1529.12,12285.4,-3143.14,-5492.8,-19280.7,1132.96,-11624.4,7125.02,-17239.3,2477.76,-11089,-1892.04,13998.2,-10996.4,22218,-2105.28,-4339.95,9100.98,7270.54,14119.9,11554.3,15160.5,-16979.6,16752.6,19921.2,-5817.75,-5372.77,3932.24,911.657,1421.72,-1726.99,-1755.86,-8167.6,16386.8,815.191,13066.7,1507.17,831.108,-9574.3,9120.83,-14266.6,2783.35,-14838.5,-2528.82,2183.63,2226.61,271.292,-170.075,12352.2,-6078.14,4985.64,1977.72,-13539.1,-9141.5,5454.65,8196.88,9300.41,11924.8,-10266.7,7537.13,15016.6,-4942.7,-5169.99,4828.75,1123.69,2310.43,143.067,103.385,-408.174
275.219,2857.47,-1764.34,1791.63,7418.71,2428.14,-3801.65,2143.95,-2478.89,10949.9,4710.36,-1629.06,295.848,10524.1,5311.54,2199.02,18164.8,-3674.1,-8057.77,-2442.98,-2049.22,-3790.38,-1489.58,-3041.4,1349.94,-2119.94,8666.27,1310.34,-2054.22,-1510.93,3729.26,-8319.93,-5953.29,2471.75,2189.79,-3800.58,12904.7,-908.291,870.665,-7579.91,5337.46,5705.21,-1021.56,-8296.38,-1775.91,1496.13,-1597.41,2334.98,-3277.15,-4909.97,4037.17,2336.65,-1554.51,-5685.62,-1350.71,-2666.24,-7358.57,5609.88,-5192.47,-1375.38,-1875.4,1858.43,-3784.44,-4685.27,-2895.67,-174.854,8135.61,4720.74,-452.102,1143.9,8161.65,5865.32,8135.1,-3490.25,-7511.41,6191.85,-1017.06,-8170.1,2011.53,-1553.12,175.312,-206.694,1437.89,-2252.24,733.944,-2306.27,1287.52,8358.99,885.954,5381.14,-7871.33,4063.21,-2778.59,3466.44,-5014.98,-6299.07,-142.811,-359.175,60.3014,-138.298,-4576.31,-3619.01,3637.02,7122.26,-4288.33,-4644.23,4289.58,10529.3,11574.4,-652.487,-4715.1,3924.45,3831.47,-6416.99,2962.09,-1928.54,211.674,613.102,-643.848,61.0299,-217.25
-4138.68,-14183,3130.9,703,-3424.02,606.086,-12006.9,-3765.66,-5179.51,4263.12,958.123,335.139,-9148.98,12665.7,-5920.48,454.671,-3674.1,32292.3,2448.31,-7525.06,-1623.17,1170.96,-16320.1,-1209.11,-6208.13,14194.7,-5102.51,6428.43,-6692.48,7328.85,-1423.36,6593.47,-3817.19,28263.7,-1475.46,6119.69,1634.15,20203.7,5198.68,-6452.82,-206.603,-2713.86,-8774.39,-2617.53,-11186,-21.4073,1263.36,3390.07,1798.41,3351.18,-6321.15,13266.1,-10047.1,-5381.38,11146.4,10085,-14400.9,19651.6,-7788.12,7785,-12567,2446,6207.19,5297.64,10612.9,987.796,8651.53,-2469.17,880.004,-11802.7,-3493.56,-11875.9,-6623.07,-9427.1,-3227.81,1847.13,778.215,9986.64,4400.04,3357.51,1254.28,-158.772,-2756.26,5672.3,-9050.62,-593.394,4921.26,4809.17,-10903.6,429.803,-6765.67,310.598,-7027.29,-1235.05,7816.33,5844.4,4285.57,1164.41,275.607,-185.368,4291.28,5658.77,5750.55,1209.25,4833.3,-6038.92,-1856.26,-10801.7,-2778.82,-9465.46,-1556.14,-3347.62,-901.184,8386.84,-2145.98,3814.04,1278.76,968.789,749.902,209.671,-269.478
-6487.99,1024.19,19209.9,-6751.3,-18416.3,414.643,-7219.39,-8749.59,-9974.95,2903.87,-11423.8,-2491.27,-1363.46,-10516.6,-6015.5,-12527.9,-8057.77,2448.31,59502.4,-4315.89,7733.19,-13084.9,-14576.6,229.029,-6561.57,17029,-38119.1,1662.06,-18222,14034,-625.353,4749.74,12420,2295.92,-2336.44,-4324.64,-3727.01,29032.7,1024.21,13957.5,3310.07,-17226.8,3998.94,-2993.95,-8134.75,8331.31,6088.17,-8343.4,-6786.84,6539.3,-2816.27,8329.25,13076.3,-6124.81,-1250.19,-2024.83,12440.8,-400.415,6168.81,-17332.2,8972.77,12469,9152.39,5189.79,-21328.6,16598.6,-23032.3,-666.506,-4874.75,-18230.2,-3822.47,-18970.5,-17904.5,4950.49,11775.1,-10705.8,-23664.1,-4034.92,9142.52,-1436.47,-2991.91,341.353,3336.42,10720.8,18896.9,-1754.2,-6655.88,-21519.4,-8110.76,-9880.79,8116.93,-13277.8,11639.4,5564.76,12457.8,7232.2,768.594,-1944.89,-628.109,-71.1184,-13326.2,4008.86,3630.97,-9198.03,10722.9,-3755.25,1146.45,-14064,-17196.3,-8711.77,2818.84,-1172.32,-17288.1,-1208.39,3579.86,-1294.32,-3236.43,-4097.42,1522.66,-240.717,415.75
1604.37,-394.494,-11178.8,10841.9,139.069,1945.22,2459.39,9618.05,1929.73,-5066.08,3293.54,10793.7,6850.36,-20206.2,879.624,3866.96,-2442.98,-7525.06,-4315.89,36524.8,-61.1913,6779.45,9237.15,5004.85,9503.45,-18927,16683.9,-2124.69,25383.7,-16363,10944.7,-7615.53,-15091.7,-6886.88,-1779.63,1271.35,843.357,-25919.6,-7743.86,12239,-2282.11,8976.59,9346.11,10019.8,15880,17055.6,15363.7,9712.48,-3819.68,229.425,2772.64,1749.42,10081.4,8558.83,14982.4,-12935.3,2494,-13338.8,-8176.68,-3921.9,9385.77,2097.15,-6361.34,-3014.3,4727.07,-7385.64,241.613,-16570.6,-8619.56,10556.7,15202.1,21018.5,4452.65,21760.4,13551.9,10310.3,-6857.83,-9634.6,-393.539,-1918.82,3771.45,6960.02,1234.67,3785.18,-1813.32,1176.45,3924.5,-904.355,14067.8,-1633.28,-5511.18,-6013.09,1157.41,3220.8,-8607.23,-3565.48,-2048.65,1310.47,236.915,116.765,2922.67,577.647,4977.85,-1963.06,-7302.99,2033.66,1910.7,16441.8,-243.551,12514.3,4320.1,-1576.63,-2023.18,-8502.16,3806.9,-2665.75,4838.61,2888.8,25.6954,225.481,-207.976
-2697.09,13968,11956.1,-8685.55,-9230.4,13876.1,1662,-449.012,12281.7,-5378.36,-2947.48,10375.9,-441.894,-14754.8,2720.06,-10653.5,-2049.22,-1623.17,7733.19,-61.1913,23739.1,-2258.27,9315.79,581.13,9386.13,14561.9,-11192.8,5248.8,2145.44,6207.17,12180.8,-1870.53,10397.7,857.318,711.717,861.606,-3171.7,161.144,348.057,5768.59,-9413.63,-10032,11824.4,4376.69,11081.6,-2414.3,-1625.22,-4172.18,-3805.15,4780.88,-3711.4,-20197.6,18149.7,-4983.65,6822.58,1610.21,11855.5,2839.79,6417.3,-3761.05,8720.37,-2200.91,5421.85,-406.965,-19342,12238.3,-10874.2,1735.17,-10862.9,-782.901,3524.98,-9424.62,-13971.2,-11449,12442.1,-4226.82,-18602.5,-1603.66,4460.03,-517.261,-2244.19,-7671.51,-8486.26,-6095.81,13368.9,-8189.62,-1671.63,-9161.3,-1419.99,-1795.37,5207.83,-6028.09,7089.39,-1513.72,7749.24,88.6057,-760.991,-2068.93,-605.548,122.885,-11545.5,8072.33,-6655.12,-4034.25,7418.78,10638.2,3910.34,-12846.7,-12979.8,-10856.2,9167.43,411.113,-16089.6,-1259.78,3729.27,123.751,-2432.86,-2699.12,416.522,-365.551,479.73
5323.09,319.278,-5982.8,16127.4,3388.86,7977.42,6789.86,1667.83,3109.34,-3896.66,-558.515,10518.5,2881.48,4024.98,-5162.51,8630.11,-3790.38,1170.96,-13084.9,6779.45,-2258.27,35592.2,16448,3211.14,-4344.64,-9772.41,8647.82,-8743.86,22329.5,3178.38,-15409.9,11342.3,-678.087,983.326,171.041,4096.93,-4625.22,-12898.6,5575.81,1375.02,-12768,19185.1,5742.68,7192.47,1950.33,-5894.83,1704.12,5702.82,2018.19,-3122.4,-8613.99,7833.1,9034.57,5007.86,-10605.7,1002.29,-3971.64,-5282.36,-2485.84,3552.93,2973.86,-8661.29,-3864.28,-1228.31,2400.31,-10306.8,14347,-9831.29,-7433.99,650.111,-6175.76,3226.29,11485,9706.89,12883.6,5381.03,8492.99,-1434.61,-9854.43,809.961,682.702,2082.73,-10489.3,9220.38,-2984.89,1210.43,-1559.27,429.41,-3654.9,-2565.28,-2950.05,-1441.89,585.064,-6178.16,-5112.51,-2112.66,1437.89,2591.22,233.068,161.069,4114.85,-2826.79,342.346,-5693.9,-1602.45,3690.39,-4627.75,-621.936,3595.23,10625.4,10982.8,-2231.38,7425.44,-2550.88,-7682.27,861.617,663.259,2526.44,-1170.22,14.5253,-62.7661
7648.08,14565.7,1415.18,-2039.9,7567.85,19692.6,-1339.67,2974.59,2304.12,-1195.88,19267.5,-2590.28,-13003.7,-48081,3740.42,13454.9,-1489.58,-16320.1,-14576.6,9237.15,9315.79,16448,63645,6600.24,5084.91,-4613.43,29924.7,-5831.64,20482.6,-6427.95,3923.68,18066.8,-5259.9,-23778.4,-1621,-6333.28,-13122,-23968.5,19491.8,6199.74,-4370.35,15173.8,30669.5,23098.5,12832.5,-7036.62,-8865.27,4236.62,5738.47,-3172.75,-5126.8,-3619.38,21748.1,28149.5,-13068.3,-6875.66,-1850.34,-12378,5456.45,-8369.89,-1941.28,-10683.2,-10607.8,-2873.54,-4642.94,-15547,17023.4,-15701.3,-20982.3,8102.15,3162.96,13242.7,7370.46,10053.1,9263.02,12665.7,11126.6,-17245,-17222.3,1024.95,1115.41,-2181.22,-16163.5,1718.44,2534.06,9576.89,-12567.5,-8184.36,-692.557,3350.79,7593.3,-1285.51,-3428.94,-9590.7,-13742.8,-2673.01,-969.866,1822.16,-212.294,347.653,6154.66,-9797.87,-4752.35,-15660.9,-10871.4,6233.93,9183.56,-2324.87,1220.58,12198.2,14008.7,7499.69,3046.84,-14922,-12235,1642.22,2010.38,265.776,-546.861,-397.351,338.497
290.444,-2004.98,2680.38,-1098.59,614.941,6620.5,-4787.17,-1102.64,3465.15,-3847.28,8598.18,4178.54,-7404.38,-11710.7,-4874.61,-193.04,-3041.4,-1209.11,229.029,5004.85,581.13,3211.14,6600.24,15093.4,2770.78,-6206.39,2151.8,1004.92,9097.21,-3258.04,684.598,5907.57,2056.48,-2730.5,-2780.46,-1168.6,-4205.39,-4856.75,6526.3,6312.14,-3241.41,-3821.08,2052.95,19574.7,5081.43,-3532.58,239.731,2454,-1769.86,2373.34,-5840.56,-3588.9,6153.64,5806.12,6276.86,3304.57,3868.86,-4540.72,2324.61,-5418.27,630.819,-135.905,1080.78,5632.43,2856.64,-5756.28,-3722.48,-3501.84,-287.395,1361.19,-3703.21,-8019.1,-6955.45,2926.77,5144.84,2427.12,-3262.12,4154.36,-5622.66,653.614,1325.45,4102.35,-1805.25,1103.15,-1626.82,1097.27,-634.027,-3423.4,1952.07,-635.395,6327.89,-4448.52,-661.441,-2028.95,1227.8,7923,-1541.43,-294.517,-41.5277,266.197,3674.65,-5484.42,-4864.33,-3187.6,-589.211,3878.34,-4039.68,-9210.58,-8987.04,4906,5103.55,-641.043,-1329.64,2407.93,-2932.38,795.34,1825.54,327.38,75.0081,-29.291,213.875
-197.678,14269.8,-2752.69,-5500.83,-1765.06,7523.3,8043.73,2653.74,10468.2,405.252,5281.15,6800.43,-1633.19,-8229.15,1557.45,-3604.39,1349.94,-6208.13,-6561.57,9503.45,9386.13,-4344.64,5084.91,2770.78,20855.3,-1694.59,13766.9,4178.91,8467.62,-6384.46,16224.4,-11016.5,-3191.74,432.092,1328.52,5229.78,1813.88,-17041.1,-7410.9,2322.92,-5588.61,-5949.98,3733.07,8974.87,21673,10153.1,8657.37,4205.25,-1800.07,2479.01,4047.53,-15647.3,10842.4,-963.571,17308.7,-1700.72,10910,-7246.9,-1320.7,1724.02,9160.06,-3971.94,-2214.03,-1708.88,-4739.42,4800.15,-12822.8,-2744.69,-2372.97,5757.68,6471.19,8388.6,-8257.13,3521.04,7417.72,6443.92,-13363.1,-1149.42,3803.29,-3022.04,256.961,-2256.33,-2336.44,-6109.31,5527.75,-6877.23,1890.37,4357.43,14700.1,-2438.13,-2233.55,-5473.49,1983.8,718.67,-3058.08,-1715.24,-1856.33,-1737.6,-28.2176,-61.3171,-3188.24,4877.59,-7394.61,1426.2,1649.86,5825.26,-807.847,1779.68,-4365.18,1300.57,1688.51,1874.54,-12496.2,-2798.19,7469.02,-3941.8,501.012,603.169,-18.628,80.43,-44.7683
-4766.95,9235.13,20888,-18304.4,-10417.3,2556.05,-2739.59,-10431.6,-7314.27,12030,-6744.92,-505.375,-9605.83,550.16,11175.5,-5879.75,-2119.94,14194.7,17029,-18927,14561.9,-9772.41,-4613.43,-6206.39,-1694.59,64176.2,-22222.1,9484.54,-25699.4,10110,8294.92,9831.66,20872.8,16237.1,293.117,6589.85,-9569.21,36641.3,-4079.09,11721.5,8498.25,-19178.4,5577.87,-19118,-9132.91,2074.35,-16012,-13480.7,-3816.7,13653.9,-14896.3,-14001.5,24305.9,-13563.9,-3047.83,2691.54,5816.6,13220.1,-527.411,5727.38,7992.9,9767.82,5399.02,-554.441,-22165.1,26834.6,-3555.76,14112.8,-8082.36,-5362.13,5449.82,-29778,-16564,-22791.3,229.356,-15951.1,-14727.8,-6233.15,14650.2,-5099.56,-1516.92,-18091.7,-21316.5,-6337.82,27310.2,-2357.21,4055.31,-12244.2,-17747.5,-8222.52,-3078.08,-3612.71,11929,5681.95,8097.27,-738.362,330.418,713.361,-539.437,66.3128,-9592.75,14587.7,2603.39,-5328.82,4263.58,12076.6,11536.4,-15901.5,-7378.84,-28004.8,5406.36,-365.508,-11926.2,342.578,4864.3,-5923.33,-1731.26,-4787.83,4090.8,-151.79,463.884
11307.9,-8753.28,-29249.1,-10664,31521.3,19549.4,-5087.15,23985.4,2973.53,17202.5,43823.3,-32879.2,-13197.8,-9111.79,11598.8,33634.7,8666.27,-5102.51,-38119.1,16683.9,-11192.8,8647.82,29924.7,2151.8,13766.9,-22222.1,99411.6,10945.4,30299.7,-53789.4,23821.2,-7503.73,-45548.5,-805.114,-3511.84,383.344,-11831.7,-45661.5,30182,-30212.2,7142.4,37753.7,15196,21172.2,21092.8,26014.1,-3574.44,20174.3,7445.95,-12786.4,29649.6,19310.8,6812.11,17337.4,16142.3,-16050.4,-27919.9,558.007,-23946.5,14059.8,-23181.2,-3351.64,-19784.8,-7369.61,22107.5,-29770.2,36670.6,-8877.79,-9971.61,34406.1,25854.2,45163.5,26087.9,32566.9,-27264.7,37510.5,26645.9,-13235.4,-12082.5,3992.34,1275.66,973.49,3881.84,-10277.8,-12365.4,19401.6,2981.03,31703.6,22999.3,13743.8,-17867.4,14761.7,-29154.7,4320.43,-27058.3,-8650.85,-1292.8,-617.936,549.833,-78.7784,23294.6,-16195.9,3924.99,10828.2,-28259.4,-4539.77,5823.52,22824.4,20027.3,28873.3,-16772,14359.9,18506.9,-13844.8,-2113.74,4433.47,1741.53,3958.45,-516.176,373.97,-751.276
-1457.31,-7283.29,2945.23,-21745.3,3969.85,9202.29,-11985.7,9373.11,3818.32,5494.74,11474.5,-9426.82,-5444.79,3468.5,4600.32,3388.51,1310.34,6428.43,1662.06,-2124.69,5248.8,-8743.86,-5831.64,1004.92,4178.91,9484.54,10945.4,26092.5,-4919.25,-15279.7,18297.6,-4341.99,-12140,16077.4,-2760.74,3579.25,-5321.11,4545.99,12837.3,-13968,1538.71,-3637.2,1844.58,4155.45,-2783.07,13538,-6900.98,6634.07,-3076.51,-1163.43,8947.28,-620.2,-4720.41,1289.53,17346.9,-506.993,-8556.09,13570.7,-9351.95,5832.97,-10155.1,-368.628,529.846,4061.57,1582,1552.26,-3275.21,5754.98,-4438.46,78.2901,2117.89,-3001.86,-14379.4,-412.763,-18562.4,13955.1,-12079.3,3500.69,2585.55,3491.26,-777.009,-5019.97,5581.75,-11969.1,-3117.07,8270.74,3492.4,7774.7,3677.77,3015.16,-5733.5,1306.89,-9777.87,214.966,312.065,5628.17,1777.94,-1461,-13.3216,-202.082,3647.75,-1856.85,-5203.58,6182.66,-4020.18,-3619.91,-3056.53,-6869.96,-6585.88,-4450.22,-10639.8,5990.97,-9282.03,1717.07,1874.98,4369.18,-858.407,-87.6815,1337.65,131.557,-141.378
9717.1,1486.03,-11949.7,14229.2,9583.08,26893.2,3898.52,7953.36,11403.9,-14437.3,14543.2,17237,9707.26,-25355.6,437.632,11007.7,-2054.22,-6692.48,-18222,25383.7,2145.44,22329.5,20482.6,9097.21,8467.62,-25699.4,30299.7,-4919.25,59795.4,-11832.3,5045.36,6756.93,-16973.6,-8074.77,-1355.69,1413.56,-5898.25,-35085.4,6739.61,6760.95,-17989.1,25085.5,10531.6,28426.5,17668.3,-2983.57,12076,15536.6,1811.98,-4760.99,-880.619,-3871.66,13448.5,18940.7,2173.81,-76.3767,-7293.65,-20061.4,-4193.14,1649.5,5505.09,-19013.5,-8492.99,175.013,4066.42,-13183.2,10516.8,-13277.2,-10943,19828,10698.3,29601.3,4163.99,20345,13071.5,24659.4,5553.66,-2674.73,-10884,2130.83,4386.23,3342.56,-3245.42,3572.07,-17367.1,1605.69,-3848.49,6563.27,8241.94,-4151.69,-1865.94,-355.165,-2398.42,-13855.7,-11578.9,588.354,15.5671,2637.65,329.778,105.993,7198.63,-3839.11,-1149.62,-2480.46,-3800.01,6603.08,271.44,10416.4,-3648.64,22545.4,7246.02,5660.73,3829.61,-5065.49,-4867.52,2393.36,5562.66,4359.73,-750.835,-52.4748,-189.763
-5987.17,11081.2,19142.9,22724.3,-20302,-7786.3,2375.06,-19632.6,-3631.43,-10687.9,-22267.6,33640.1,3534.72,15927.3,-12372.9,-18869.3,-1510.93,7328.85,14034,-16363,6207.17,3178.38,-6427.95,-3258.04,-6384.46,10110,-53789.4,-15279.7,-11832.3,63225.6,-24927.2,14354.6,27982,10659.9,8526.6,906.855,15850.4,30318.1,-23994.3,19002.3,-11456.6,-16306.7,-6093.5,-14756.9,-12325,-17767.5,12572.7,-7297.81,-2056.04,2081.99,-25421.4,-7657.3,-6890.42,-4519.16,-16883.3,24936.1,9215.29,-1222.09,19299.3,-11319.7,14526.7,-8935.16,9278.01,2393.5,-7922.3,16618.8,-12459.7,6030.25,710.104,-31495.9,-15829.5,-24092.3,-8621.99,-17724.3,23615.8,-17574.4,-14022.9,8348.28,4661.66,-4159.25,1594.43,-3386.77,-12630.7,14785.5,384.201,-20004.2,-5064.53,-12008.2,-21291.5,-11990,7400.16,-12997.1,17977,-12210.3,12490.5,1707.51,4297.62,3613.34,3.19776,-204.376,-12246.4,8610.19,3755.26,-6681.55,20070.8,-3944.88,-1400.69,-11293.3,-2766.36,-15259.7,12862.3,-9714.81,-11353.5,6700.09,-4131.06,-5485.44,2030.81,-47.2312,-677.841,-223.425,228.464
-4862.78,9739.85,-3729.97,-22567.3,-1680.35,8261.89,-7904.17,7724.86,12633,7046.75,14485.6,-4840.53,-6244.73,-17841.5,18716.6,370.205,3729.26,-1423.36,-625.353,10944.7,12180.8,-15409.9,3923.68,684.598,16224.4,8294.92,23821.2,18297.6,5045.36,-24927.2,48108.6,-16560.9,-3201.68,-423.952,-1470.5,-1369.08,589.099,-9149.36,7547.16,-1298.46,-9906.83,-5178.45,10454.2,2840.77,7536.07,20857.8,-4660.42,739.509,-5609.35,2712.45,10547.5,-17926.8,12624.6,1746.85,34338.2,-14325,-623.207,813.445,-11378.6,-3231.03,-2017.31,1488.3,-1141.35,1324.55,-9765.28,6377.26,-13495.3,-846.326,-10246.6,7901.5,17287.8,5601.68,-18527,3046.6,-9111.01,8028.16,-21475.5,-8421.14,7861.97,-325.784,717.375,-6064.94,3723.54,-15531.6,7355.48,1731.72,7359.14,2456.54,7861.04,2694.44,-9353.12,-2167.6,-7702.36,4925.66,-1405.43,2886.26,290.71,-2316.59,-214.528,-318.619,-8263.73,2303.59,-8679.24,2220.78,-948.478,2927.9,4220.83,2993.79,-5608.44,-2587.46,-5759.23,7938.84,-17032,-8134.25,9229.04,-198.881,1652,-1222.17,1099.31,-57.2355,-82.1642
3775.66,-14381.3,6627.65,10588.2,-1656.56,5862,-9064.67,-14089.9,-8458.65,-18805.5,-2312.91,15598.3,-11017.5,-18469.3,-9478.39,14463.2,-8319.93,6593.47,4749.74,-7615.53,-1870.53,11342.3,18066.8,5907.57,-11016.5,9831.66,-7503.73,-4341.99,6756.93,14354.6,-16560.9,49867.4,9816.34,2916.26,-3276.64,-219.855,-13419.8,17028.7,3934.24,23219,355.639,698.42,10568.8,12748.8,-7784.84,-20713.6,-5928.06,-2481.97,3269.41,6998.55,-20512.3,4056.74,3983.32,18273.5,-10903,16517.4,-7744.97,-3653.24,8290.7,-1238.2,-9757.66,-4365.43,-2318.43,5815.68,5654.94,5748.14,12881.1,-2218.27,-5902.01,416.061,-6233.73,-13254.1,-6115.52,3382.91,3242.15,-3992.39,7047.8,3598.08,-2448.52,-335.432,3859.85,1381.35,-19985,11252.3,-8016.96,11288.6,-4876.95,-15187.5,-20529.1,-10234.9,11438,-1805.98,249.028,-8743.11,-2540.35,7368.67,381.302,5273.06,-101.309,358.53,14641.5,4538.88,6132.95,-16298.9,-969.055,7014.92,4618.44,-17942,-10754.2,5400.14,6076.26,-2179.07,2991.53,5949.91,-7513.91,-292.199,4798.82,402.065,567.213,-377.72,361.785
-6704.43,11373.4,11688.5,3301.9,-19065.6,-18895.8,11435.3,-22467.1,8674.98,-12235.9,-26399.3,24953.2,-570.653,-7435.42,-616.912,-20206.6,-5953.29,-3817.19,12420,-15091.7,10397.7,-678.087,-5259.9,2056.48,-3191.74,20872.8,-45548.5,-12140,-16973.6,27982,-3201.68,9816.34,60355.4,-12635.1,5772.48,-2924.22,1251.7,22444.4,-23485.4,30960.8,-15617.8,-35167.3,-3482.31,-14102.2,-8890.61,-18465.4,-11872.2,-19894,-3514.1,10536.5,-22907.4,-31978.6,11109.1,-9703.61,-3660.01,11437.5,26709.2,-12280.2,24670.1,-9761.16,19911.3,960.504,13199.8,3673.19,-19208.8,25720.2,-30818.6,11525.3,-801.449,-8634.09,-14860.2,-40461.1,-20488.5,-21195.4,19658.8,-33976.7,-10813.8,3225.8,8719.87,-7273.92,-1497.32,-6310.29,-15550,93.2061,17863.3,-15491.8,1119.58,-23270,-21462.9,-11425.4,16904.6,-7283.94,21614.4,1026.29,18729.6,5054.92,-4151.84,-1465.79,-747.278,446.67,-14424.6,13900.1,-10710.8,-9289.63,12326.8,22949.9,-3380.97,-21225.9,-14071.3,-16098.1,18364.1,-10198.5,-7839.77,5815.26,6467.46,-8397.74,-1622.22,-5274.74,-515.259,-495.704,944.043
-2463.16,-6675.48,11736.1,4030.98,548.89,4722.37,-9815.45,7567.28,-6477.36,7983.72,7401.35,2650.97,-13602,39606.1,-5056.02,5589.46,2471.75,28263.7,2295.92,-6886.88,857.318,983.326,-23778.4,-2730.5,432.092,16237.1,-805.114,16077.4,-8074.77,10659.9,-423.952,2916.26,-12635.1,67506.3,174.683,18266,10252.5,23327.7,1846.48,-24134.9,7038.32,-7088,-12987.7,-3799.23,-8297.49,18194.9,9882.18,16635.2,-3407.4,-6103.92,-1378.11,13638.9,-10315.1,-12085.5,11718.8,22870.2,-19602.7,28467.9,-22930.3,26268.7,-14778.6,-8751.79,1330.03,1181.6,19753.7,13865.2,11392.6,2128.49,-798.975,-20288.1,-6996.01,-8579.54,-9035.81,-8523.02,-11064.3,18926,-9062.82,12592,10955.5,2936.05,859.6,-10326.3,-5456.03,-4809.35,-10888.8,-479.111,4663.15,28074.4,-6910.8,-10661.8,-24332.4,4177.52,-10035.8,-6623.18,792.903,-265.306,6778.85,1814.12,583.092,-509.895,8434.04,10896.4,9048.02,10654.1,452.748,-11152.3,-7406.83,-9290.97,-419.534,-16671.5,-11978.3,-3001.1,-3329.41,9949.01,2532.04,2803.75,634.752,3248.63,1272.31,577.303,-602.862
-1135.5,3650.43,-5283.57,1455.74,-1212.14,-10054.5,3193.06,-1934.2,2065.28,3694.18,-5648.39,1342.16,4973.48,8438.48,3923.35,-1657.91,2189.79,-1475.46,-2336.44,-1779.63,711.717,171.041,-1621,-2780.46,1328.52,293.117,-3511.84,-2760.74,-1355.69,8526.6,-1470.5,-3276.64,5772.48,174.683,10231.9,-608.093,6822.73,3791.85,-4696.7,1245.51,635.881,-852.062,-5309.8,-13616.7,-2859.18,360.397,2315.79,-2899.5,1661.41,-2164.76,-1761.22,-5340.31,-12.773,-3323.14,-4597.38,1370.24,1452.11,-4152.67,7968.17,-1759.08,10545.9,1184.72,-183.153,-2676.78,-3858.53,4471.17,-3783.76,5171.28,-643.558,-2290.35,3029.9,-2845.88,470.619,-512.439,-242.585,-6048.81,4628.86,-2048.9,1556.08,-3563.51,-314.773,-1706.44,989.401,-2708.57,3136.55,-6910.91,1788.04,2039.9,-1218.59,-2047.37,-4807,-655.366,5463.56,2571.97,-184.441,-3419.31,1451.08,99.8789,11.2754,-243.536,-8001.79,1342.71,-450.925,4106.85,-2655.59,-30.7581,2833.74,7599.56,4810.3,876.219,-1785.4,-1980.71,2673.99,-3436.3,1788.01,-4583.85,-11.7522,-595.99,96.0349,8.99586,-36.2197
-529.888,4845.72,-340.304,1635.77,-2725.47,-1536.22,6742.44,240.138,1922.85,-2285.34,-4013.86,9580.42,-577.301,10709,-4178.43,-1017.71,-3800.58,6119.69,-4324.64,1271.35,861.606,4096.93,-6333.28,-1168.6,5229.78,6589.85,383.344,3579.25,1413.56,906.855,-1369.08,-219.855,-2924.22,18266,-608.093,15846.3,-1790.89,1901.99,-12691.8,-3255.86,-3314.22,-7257.68,-3631.09,3090.85,6566.77,4973.95,7914.66,6587.13,198.887,2334.56,-2449.49,-4198.93,-5870.91,-5281.59,3999.8,7530.23,176.473,3891.42,-7173.07,18188,3934.8,-11412.3,-788.6,-583.617,7104.39,9409.66,115.84,-5602.39,-183.616,-176.278,-8121.01,3805.51,-2314.24,-2937.97,5341.02,5671.22,-4794.29,6022.29,3967.33,-2025.19,2134.45,-3840.41,-6219.92,-108.428,-6005.96,-3174.19,-540.652,6742.62,2124.16,-4816.48,-6476.03,-1689.59,1264,-7229.78,-1485.73,-1450.69,874.338,1285.8,381.814,-73.2223,6913.57,9390.45,4265.9,-1146.37,1614.93,5631.01,-9507.51,-1546.07,-2672.09,-5283.93,1383.64,-2754.97,-4791.34,4791.62,3025.46,-3188.16,2393.2,1689.86,900.866,331.523,-194.843
-3286.43,11780.8,-2477.73,14639,-2770.77,-11082.4,1229.43,-2214.35,-2329.04,8359.69,-6108.3,5470.8,-362.278,19274.5,3571.18,-5062.2,12904.7,1634.15,-3727.01,843.357,-3171.7,-4625.22,-13122,-4205.39,1813.88,-9569.21,-11831.7,-5321.11,-5898.25,15850.4,589.099,-13419.8,1251.7,10252.5,6822.73,-1790.89,32527.6,4157.93,-9808.73,-708.673,3361.66,-1518.85,-11270.6,-19630.2,-5204.24,4989.63,11844.7,1885.17,-2316.38,-4021.62,-2917.69,6023.36,-6212.59,-8622.3,679.186,3239.03,59.5961,-185.779,-1187.49,751.653,3998.19,-740.947,-386.319,-3771.2,5338.72,5292.01,-5584.44,4351.62,6707.93,-14680,1322.76,58.1468,2766.49,-5877.56,3628.7,639.586,-1061.06,152.749,6449.44,-887.1,1482.97,2775.56,4666.56,914.447,-859.549,-10523.6,4460.35,10276.2,304.624,-3090.3,-9555.01,4071.81,2268.52,1096.39,-578.807,-5638.53,3205.45,-23.6372,77.6017,-468.935,-14640.5,2867.52,351.627,8413.46,3517.64,-10443,27.42,15004.8,10001.5,-5970.54,-3542.17,-1344.78,2983.1,-1694.96,4425.45,-1007.23,2142.52,1775.81,-1339.88,106.947,-294.72
-10564.3,-10256.9,17892.2,-4372.65,-14853.5,-16471.2,-14018.9,-14663.7,-12537.1,2388.33,-15947.3,4794.32,-2476.9,21217.7,347.653,-8394.33,-908.291,20203.7,29032.7,-25919.6,161.144,-12898.6,-23968.5,-4856.75,-17041.1,36641.3,-45661.5,4545.99,-35085.4,30318.1,-9149.36,17028.7,22444.4,23327.7,3791.85,1901.99,4157.93,58930.4,-3699.24,5040.7,5762.15,-21711.9,-11592.1,-25695.9,-32414.8,-5543.43,-9963.69,-12674.9,-3176.13,6062.15,-15742.5,1052.97,-12716.6,-10789,-6413,15030.3,-5855.6,17980.2,4835.09,-2479.09,2809.64,7582.42,8602.89,5452.78,-4292.56,23499.7,-5293.39,10860.1,2068.03,-23890.1,-8271.52,-35723.6,-18163.2,-17174.4,-8427.15,-17736,-10290.3,5317.36,13079.1,-4419.52,743.049,-7372.65,-4388.33,4053.11,4418.64,-3204.29,5066,-11420.9,-28155.9,-7615.96,-2010.15,-5071.28,10119.5,1105.47,11808,6290.84,3588.54,2664.66,-75.3975,-224.164,-4993.43,6308.87,7806.95,-3998.81,9001.75,-4259.24,3921.74,-13213,-5001.09,-20703.8,-3770.92,-2929.48,-6621.41,8212.53,1211.73,-5715.57,1030.26,-3155.73,2700.49,-25.973,154.344
7473.53,-12708.1,5245.98,-19795.7,20832.7,24681.9,-18004.3,17382.7,-4232.76,16516.1,35488,-40881.6,-15674.5,-8922.91,9018.41,17511.2,870.665,5198.68,1024.21,-7743.86,348.057,5575.81,19491.8,6526.3,-7410.9,-4079.09,30182,12837.3,6739.61,-23994.3,7547.16,3934.24,-23485.4,1846.48,-4696.7,-12691.8,-9808.73,-3699.24,64009.3,-31166.1,12607.1,24804.2,10185.3,12867.9,-9991.46,6756.27,-18402.3,5465.98,5240.61,-10542.7,15160.2,20410.9,16356.1,12009.4,-1906.63,-7871.28,-16550.9,13657.6,-10839.7,-6831.1,-23081.3,8373.65,-5409.95,3137.43,2356.04,-22543.5,23850.8,4017.81,-5683.19,40.5668,8210.37,-2371.56,2743.25,14596.2,-25999.6,20145.5,17404.2,-1144.96,-11533.2,12308.6,-4105.99,465.999,14126.9,-11629.9,3914.75,17643,1068.54,9954.34,2291.76,10618.6,-5012.12,9555.49,-18980.5,3777.85,-7313.7,5438.87,2783.94,-1561.48,-295.5,-56.0806,113.904,-20415.6,-12827.3,6666.19,-12452.3,-13880.6,8471.36,-8459.02,3007.25,11972.5,-10869,13717.3,10673.2,-3577.56,-10838.5,16435.2,-4543.23,-577.484,1036.46,-144.791,-1.99645
