0.70661,0,-0.000257079,0,-0.196913,0.193608,-0.72063,0,-0.00860671,0.0274199,-0.2418,0.00230584,-0.011194,0,0.183322,-0.177204,-0.0111467,0.00342918,0.00624979,0.00811539,0.651819,0,-0.0012374,-0.0660725,0.206358,0.0102904,-0.0179866,-0.0217571,0.207431,-0.0972718,0.0364109,0,-0.180607,0.165611,0.0160095,0.00549459,-0.00120681,-0.011356,0.00191771,-0.0238767,-0.0469687,0.100998,-0.616096,0,0.00776396,0.0957839,-0.187768,-0.0129436,0.0107675,0.0388425,-0.15443,0.0702403,0.0196009,0.0310238,-0.181539,-0.0221954,-0.0471519,0,0.177693,-0.158238,-0.0163733,-0.011551,0.00387087,0.00986959,-0.00833693,0.0297392,0.0450085,-0.073618,-0.00493164,-0.00563398,0.219182,0.0154395,0.593355,0,-0.000798618,-0.112743,0.163858,0.0108786,-0.0155043,-0.0491389,0.139476,-0.0580061,-0.0196967,-0.0498897,0.129857,0.0240905,-0.00950567,-0.00264068,-0.0979867,0.00836527,0.0569289,0,-0.174817,0.146516,0.00885419,0.0126222,-0.00772957,-0.009029,0.0101506,-0.0292053,-0.0506776,0.0611928,-0.00128964,0.0142044,-0.172756,-0.0132737,-0.0105639,-0.00190859,-0.010503,-0.115117,-0.564371,0,-0.00776314,0.12679,-0.153193,-0.0082706,0.0251319,0.060375,-0.127429,0.0492487,0.0202583,0.0631744,-0.116191,-0.0251155,0.0200083,0.00517921,0.0602211,-0.0168547,0.014794,-0.0274594,-0.0911003,0.0975489
0,0,0,0,0,0,0,0,0,0,0,0,0,0,0,0,0,0,0,0,0,0,0,0,0,0,0,0,0,0,0,0,0,0,0,0,0,0,0,0,0,0,0,0,0,0,0,0,0,0,0,0,0,0,0,0,0,0,0,0,0,0,0,0,0,0,0,0,0,0,0,0,0,0,0,0,0,0,0,0,0,0,0,0,0,0,0,0,0,0,0,0,0,0,0,0,0,0,0,0,0,0,0,0,0,0,0,0,0,0,0,0,0,0,0,0,0,0,0,0,0,0,0,0,0,0,0,0,0,0,0,0
-0.000257079,0,0.00558873,0,-0.00799419,0.0264061,-0.00458422,0,-0.00229347,0.00193331,0.00379572,-0.00213705,-0.0104249,0,0.00601269,-0.0239313,0.000754508,-0.000189387,-0.0154753,-0.00995124,0.00871852,0,0.0042934,-0.00154926,-0.00198536,0.000481568,-0.00373572,-0.000920749,0.0154447,-0.01652,0.0116984,0,-0.00457231,0.0222265,8.11944e-05,-0.00066443,0.00889778,0.0088505,0.0057925,-0.00366537,0.00566937,0.0227585,-0.00876483,0,-0.00492764,0.0013475,0.000476781,3.77321e-05,0.00517862,0.00159527,-0.0100583,0.0108991,-1.41683e-05,0.00420662,-0.00424591,0.000449638,-0.0128037,0,0.00349259,-0.0201067,-0.00182511,0.00187196,-0.00611521,-0.00791781,-0.00539382,0.00375594,-0.0056542,-0.0157139,0.000683532,-0.000259408,-0.00761713,-0.003274,0.00746312,0,0.00347647,-0.00158421,-0.000250324,0.000201718,-0.00408987,-0.00252444,0.00739804,-0.00901608,-0.00267052,-0.00340089,0.00589379,-0.00177853,-0.0033633,0.0011381,0.0114251,0.00129839,0.0130247,0,-0.00380604,0.0189166,0.00404077,-0.0019846,0.00581564,0.00662316,0.00453001,-0.00341087,0.00477963,0.0140874,0.00243501,-0.00168939,0.00349409,0.00591603,-7.65894e-05,-0.00293258,-0.00308189,-0.00203675,-0.00800002,0,-0.00283367,0.00167053,0.00199173,-0.000400995,0.00273276,0.00275051,-0.00722181,0.00812472,0.00449617,0.00259352,-0.00451847,0.00127079,0.000293804,0.00215411,-0.00696529,-0.00481398,0.000846024,0.00217285,0.000922388,-0.00479603
0,0,0,0,0,0,0,0,0,0,0,0,0,0,0,0,0,0,0,0,0,0,0,0,0,0,0,0,0,0,0,0,0,0,0,0,0,0,0,0,0,0,0,0,0,0,0,0,0,0,0,0,0,0,0,0,0,0,0,0,0,0,0,0,0,0,0,0,0,0,0,0,0,0,0,0,0,0,0,0,0,0,0,0,0,0,0,0,0,0,0,0,0,0,0,0,0,0,0,0,0,0,0,0,0,0,0,0,0,0,0,0,0,0,0,0,0,0,0,0,0,0,0,0,0,0,0,0,0,0,0,0
-0.196913,0,-0.00799419,0,0.299361,-0.0603149,0.228243,0,0.00734316,-0.00641178,-0.222589,0.066747,0.015103,0,-0.27208,0.0556109,-0.0128814,0.0134071,0.0615539,-0.00339451,-0.2326,0,-0.0138851,0.00764864,0.187292,-0.0547416,0.0128979,-0.012709,-0.0314776,0.0314613,-0.0133804,0,0.260691,-0.0541228,0.0156154,-0.0198738,-0.0424163,-0.000550563,-0.0158389,0.00971329,0.055116,-0.0979611,0.225973,0,0.0152975,-0.00631373,-0.175141,0.0497246,-0.0162542,0.0175449,0.0203912,-0.0165014,-0.0019834,-0.0183382,0.0592137,0.0830946,0.0123526,0,-0.252758,0.0511914,-0.0152944,0.024663,0.0370325,0.00105934,0.0130294,-0.0101877,-0.0356955,0.067645,0.00567221,0.0125525,-0.157197,-0.0485738,-0.217718,0,-0.0144453,0.00764044,0.169001,-0.0476727,0.0130294,-0.0205065,-0.0166468,0.0103597,0.00825448,0.018829,-0.0519838,-0.0562016,-0.00404995,-0.00392306,0.0606386,0.0233683,-0.0109187,0,0.246588,-0.0513096,0.0146933,-0.0304386,-0.0381049,-0.00192768,-0.0103002,0.00926146,0.0314055,-0.0573821,-0.0173313,-0.0119377,0.126274,0.025541,0.00658594,-0.0058931,0.032245,0.0651418,0.213508,0,0.012184,-0.00607088,-0.16729,0.0481868,-0.0102548,0.0228933,0.0186616,-0.00715507,-0.0126522,-0.0178459,0.0461222,0.0494623,0.014684,-0.00259611,-0.0478748,-0.0099254,-0.00439044,0.00562392,0.0010215,-0.132089
0.193608,0,0.0264061,0,-0.0603149,0.596621,-0.223336,0,-0.0101524,0.0141218,-0.171233,-0.249267,-0.0557794,0,0.0544752,-0.554905,-0.0156626,-0.000445023,-0.0454954,-0.0785098,0.227509,0,0.0160552,-0.0217902,0.147673,0.214101,-0.0180714,-0.0172923,0.240741,-0.154875,0.082204,0,-0.0510692,0.538778,0.028303,-0.00252841,0.0323526,0.0650238,0.0227151,-0.0178762,-0.0744775,0.283126,-0.223289,0,-0.020628,0.0283141,-0.139217,-0.206566,0.0260575,0.0250631,-0.185044,0.116192,0.0224998,0.0353952,-0.0572396,-0.0446076,-0.105619,0,0.0481428,-0.522171,-0.0402601,0.00697427,-0.0270744,-0.0594921,-0.0291191,0.0247132,0.0571958,-0.212741,-0.0241864,-0.00668501,0.0575758,-0.0476306,0.211593,0,0.0227844,-0.0359515,0.130167,0.201038,-0.0299308,-0.0313779,0.165483,-0.104869,-0.0345622,-0.0469528,0.0428122,0.0359756,-0.0036102,-0.0138962,-0.00104197,0.18036,0.125353,0,-0.0462413,0.503937,0.0518165,-0.00901915,0.0275905,0.0515902,0.0339225,-0.0319127,-0.0553082,0.192384,0.0376331,0.00365821,-0.0423981,0.0339765,0.00320622,0.0187361,-0.0579491,-0.0845643,-0.202621,0,-0.0281272,0.0432637,-0.120752,-0.193969,0.0340284,0.0360405,-0.155024,0.0959952,0.0428801,0.0563262,-0.0340585,-0.0336911,-0.00359462,0.025069,0.0037857,-0.141059,-0.00905933,-0.00275128,-0.0114097,-0.0426808
-0.72063,0,-0.00458422,0,0.228243,-0.223336,0.768235,0,0.00299847,-0.0344769,0.227508,-0.0149089,0.0196428,0,-0.214698,0.2054,0.0133225,-0.000598263,0.0123192,0.00480391,-0.729069,0,0.0017128,0.0706609,-0.190304,0.00504669,0.0165665,0.0237909,-0.2282,0.110941,-0.041833,0,0.213754,-0.194042,-0.0175274,-0.00681181,-0.0135683,0.000447487,-0.00352888,0.0279992,0.0347774,-0.130678,0.701841,0,-0.00277723,-0.101264,0.171515,-0.00316882,-0.0179705,-0.0383421,0.176784,-0.0816238,-0.0236737,-0.0374621,0.214244,0.0424321,0.0564108,0,-0.210186,0.183478,0.0151829,0.0125058,0.0123962,-0.00171029,0.0105526,-0.0378506,-0.040049,0.0988712,0.00727989,0.00603087,-0.239289,-0.0204962,-0.674501,0,-0.00382585,0.122195,-0.151192,0.00470101,0.0270583,0.0473846,-0.159126,0.0683786,0.022703,0.0578751,-0.153556,-0.0417293,0.00392605,0.00627565,0.0951848,-0.0340541,-0.0695243,0,0.204629,-0.171927,-0.00822777,-0.0149993,-0.00716838,0.00166853,-0.0162661,0.0423686,0.0459862,-0.0850932,0.00104151,-0.0167285,0.182225,0.0176796,0.0204934,-0.00389001,0.0205617,0.1627,0.64183,0,0.0102076,-0.138123,0.141696,-0.00653986,-0.0368363,-0.0567445,0.143456,-0.0568486,-0.0218996,-0.0725433,0.135529,0.0398597,-0.0120755,-0.00585007,-0.05515,0.0300905,-0.0145707,0.0358136,0.123254,-0.0927338
0,0,0,0,0,0,0,0,0,0,0,0,0,0,0,0,0,0,0,0,0,0,0,0,0,0,0,0,0,0,0,0,0,0,0,0,0,0,0,0,0,0,0,0,0,0,0,0,0,0,0,0,0,0,0,0,0,0,0,0,0,0,0,0,0,0,0,0,0,0,0,0,0,0,0,0,0,0,0,0,0,0,0,0,0,0,0,0,0,0,0,0,0,0,0,0,0,0,0,0,0,0,0,0,0,0,0,0,0,0,0,0,0,0,0,0,0,0,0,0,0,0,0,0,0,0,0,0,0,0,0,0
-0.00860671,0,-0.00229347,0,0.00734316,-0.0101524,0.00299847,0,0.0057968,0.000712763,-0.00435715,0.0156466,0.00440444,0,-0.00414163,0.00936311,-0.00446169,0.000800846,0.00578838,-0.00631408,0.00396515,0,-0.006752,-0.000389072,-9.90436e-05,-0.0129713,0.00360093,-0.00178013,-0.0148843,0.0110823,-0.00547709,0,0.0011015,-0.0088078,0.00428807,-0.00102287,-0.00143201,0.00364123,-0.00442312,0.00113669,0.00346272,-0.0156784,-0.00754884,0,0.00545686,0.00076962,0.00324039,0.0113798,-0.00121936,0.000400813,0.00708129,-0.00638165,0.00354231,-0.00359475,0.00334341,0.00231668,0.00432238,0,7.82317e-05,0.00885225,-0.00163618,0.000461333,-0.000922021,-0.00241515,0.00279866,0.000113235,0.00249537,0.00910881,-0.00187624,0.00228302,0.00891405,0.00463527,0.0070634,0,-0.00364168,-0.00144095,-0.0032343,-0.0103304,-0.00194388,0.00124915,-0.00548728,0.00534853,-0.00034032,0.00217687,-0.0052984,0.00268643,0.00180494,-0.00193071,-0.00556071,0.00424169,-0.00311643,0,0.00120631,-0.00845579,-0.000444336,-1.75917e-05,7.16733e-06,0.00246707,1.05755e-05,-0.00167569,-0.00290917,-0.00762696,-0.00286203,0.00136516,-0.00273229,-0.00789607,-0.00332261,0.00625749,-0.0102692,-0.0121908,-0.00499,0,0.00310839,0.00125899,0.00141343,0.0096695,0.00344606,-0.00299987,0.00680665,-0.00621973,-0.00272722,-0.000526828,0.00465272,-0.00312955,0.000995104,-0.00247345,-5.01473e-06,0.00212184,-0.000162229,-0.00569273,-0.00618943,0.00168773
0.0274199,0,0.00193331,0,-0.00641178,0.0141218,-0.0344769,0,0.000712763,0.00569722,-0.0247219,0.00410227,-0.00409558,0,0.00658746,-0.0126959,-0.00218628,-0.00104972,-0.00021874,-0.00315963,0.0374188,0,-1.74959e-06,-0.00858582,0.0197737,-0.0037389,-0.0017374,-0.00415051,0.0195119,-0.0208929,0.00486363,0,-0.00738204,0.0115439,0.00251832,0.00140371,-0.000246078,0.00213514,0.00142731,-0.00246041,0.00679066,0.019719,-0.0367638,0,-0.00100632,0.0116088,-0.0174698,0.00329729,0.00361279,0.00537984,-0.0157711,0.015453,0.00370207,0.00497788,-0.0221916,-0.00042143,-0.00647851,0,0.00733694,-0.0100155,-0.00188085,-0.00205696,0.00022409,-0.00119154,-0.00181334,0.00352756,-0.00297287,-0.01517,-0.0010868,-0.000563214,0.0173216,0.000166033,0.0333336,0,0.00129105,-0.014202,0.0156743,-0.00270601,-0.00445355,-0.0063344,0.0134372,-0.0129777,-0.00384439,-0.0069324,0.0165705,0.00223429,-0.00179662,-0.000462172,-0.000953196,0.00133379,0.0077169,0,-0.00682324,0.00903257,0.00156585,0.00311639,-0.000739621,0.0007562,0.00268799,-0.00397365,0.0016391,0.0132193,0.000529073,0.00202464,-0.0133809,0.000143926,-0.00200808,-0.000439063,-0.00262485,-0.00472513,-0.030392,0,-0.00150223,0.0159165,-0.0141457,0.00241568,0.0042394,0.00688214,-0.0113728,0.0108292,0.00319339,0.00840249,-0.0140179,-0.00283189,0.00193072,0.000417709,-0.00170772,-0.00109837,0.00198323,-0.00346532,-0.01673,-0.0012812
-0.2418,0,0.00379572,0,-0.222589,-0.171233,0.227508,0,-0.00435715,-0.0247219,0.79489,-0.00799449,0.00096971,0,0.200348,0.156346,0.0294429,-0.00921555,-0.27177,0.106427,-0.190263,0,0.0165816,0.0570373,-0.672124,-0.003859,0.00056315,0.0578663,-0.237625,0.125899,-0.0196522,0,-0.190551,-0.144846,-0.0396614,0.00779386,0.211689,-0.08167,0.0103312,-0.00118197,0.0120351,-0.0902533,0.176112,0,-0.0202984,-0.0847783,0.629231,0.011969,0.00220873,-0.0896478,0.184204,-0.104966,-0.0281212,-0.0125681,0.112229,-0.132008,0.0296487,0,0.186146,0.139896,0.0454194,-0.0074489,-0.199073,0.0784528,0.000661784,0.00512709,-0.0269106,0.0705365,0.00947235,-0.0135389,0.0627267,0.0973524,-0.165523,0,0.0141552,0.105423,-0.592823,-0.0161436,0.00448732,0.110035,-0.16747,0.0968063,0.0308798,0.0300432,-0.0770434,0.0842179,0.0294559,0.0154149,-0.198296,-0.0399973,-0.0348611,0,-0.18205,-0.129773,-0.0461704,0.0117098,0.195019,-0.0740243,-0.00689665,-0.0088085,0.0328919,-0.0641252,0.0062508,0.00828564,-0.0538537,-0.0559844,-0.00229028,-0.00466109,0.00853146,-0.0587249,0.148057,0,-0.00401408,-0.121303,0.56971,0.0152728,-0.011822,-0.127446,0.149412,-0.0873477,-0.0344062,-0.0454807,0.0698755,-0.066557,-0.0487052,-0.0174947,0.159631,0.0305867,-0.00802135,0.00714424,0.137363,-0.0430408
0.00230584,0,-0.00213705,0,0.066747,-0.249267,-0.0149089,0,0.0156466,0.00410227,-0.00799449,0.513267,0.00314851,0,-0.0569241,0.234689,-0.0117457,0.0136247,-0.016064,-0.268293,0.029907,0,-0.0217221,-0.0051039,-0.00133681,-0.438867,-0.0188411,-0.00948598,-0.0870107,0.0173017,-0.010397,0,0.0464834,-0.233697,0.011029,-0.0157875,0.011746,0.213283,0.00735102,-0.00264222,0.030863,-0.0778725,-0.0340531,0,0.0238033,0.00345075,0.00635644,0.416393,0.0335252,0.0109704,0.0635625,-0.0153062,0.0067915,-0.0287132,0.0751837,0.194562,0.0115739,0,-0.042861,0.234297,-0.00298258,0.0188652,-0.00956279,-0.19494,-0.0153122,0.00215362,-0.00917439,0.0522854,0.0269297,0.0167483,-0.0765806,-0.112784,0.0292849,0,-0.0256404,-0.00208813,-0.00892793,-0.399693,-0.0451057,-0.00964328,-0.0604433,0.0198226,0.00142308,0.035106,-0.0503776,-0.131326,-0.0341734,0.015592,0.106667,-0.0699041,-0.0182771,0,0.0411068,-0.228477,-0.00291022,-0.0187758,0.00339095,0.185191,0.0232904,-0.000364553,0.00467285,-0.042405,-0.0443187,-0.010928,0.0561345,0.0863203,0.00219858,-0.00173412,-0.165601,0.0621609,-0.0281729,0,0.0287319,-0.00816163,0.00680562,0.382705,0.0509766,0.00745006,0.0597766,-0.0235939,-0.0103556,-0.0381159,0.0427823,0.112076,0.0470251,-0.020952,-0.0984663,0.0553726,0.00545258,-0.0325388,0.0910559,0.0557806
-0.011194,0,-0.0104249,0,0.015103,-0.0557794,0.0196428,0,0.00440444,-0.00409558,0.00096971,0.00314851,0.0207363,0,-0.0116146,0.0503257,-0.000629457,0.000153576,0.0267393,0.0203886,-0.0253366,0,-0.00808793,0.00412078,-0.00291598,-0.000556152,0.00768057,0.0018792,-0.0289117,0.0365677,-0.0245828,0,0.00895616,-0.0469082,-0.00127029,0.00129854,-0.0150667,-0.0176744,-0.0108524,0.00801796,-0.0112581,-0.0469001,0.0245599,0,0.0093248,-0.00451278,0.00498099,1.72165e-05,-0.0102463,-0.00340839,0.0187146,-0.0249882,-0.00110727,-0.00816923,0.00860315,-0.00292125,0.0275353,0,-0.00701067,0.0425852,0.00431827,-0.00299968,0.010097,0.0159293,0.0107639,-0.00868774,0.0102708,0.0327584,-0.000491851,0.000594382,0.00712063,0.00758077,-0.0221172,0,-0.00731406,0.00532022,-0.00491543,-0.00027092,0.00905087,0.00493225,-0.0139469,0.020837,0.00585254,0.00748563,-0.010933,0.00415692,0.00653188,-0.00198298,-0.0154945,-0.00741426,-0.0288254,0,0.00753203,-0.0396983,-0.00818903,0.00321226,-0.00898733,-0.0136953,-0.00979941,0.00812012,-0.00820527,-0.029322,-0.00504753,0.00235265,-0.00161816,-0.0116968,0.00101296,0.00458445,0.0052813,0.0118482,0.0224018,0,0.00685156,-0.00545602,0.00182943,0.000626335,-0.00690084,-0.00523828,0.0132745,-0.0189293,-0.00915382,-0.00634868,0.00849774,-0.00290216,-0.0012108,-0.00382058,0.00926433,0.0125159,-0.00146188,-0.00266778,0.00105737,0.00509193
0,0,0,0,0,0,0,0,0,0,0,0,0,0,0,0,0,0,0,0,0,0,0,0,0,0,0,0,0,0,0,0,0,0,0,0,0,0,0,0,0,0,0,0,0,0,0,0,0,0,0,0,0,0,0,0,0,0,0,0,0,0,0,0,0,0,0,0,0,0,0,0,0,0,0,0,0,0,0,0,0,0,0,0,0,0,0,0,0,0,0,0,0,0,0,0,0,0,0,0,0,0,0,0,0,0,0,0,0,0,0,0,0,0,0,0,0,0,0,0,0,0,0,0,0,0,0,0,0,0,0,0
0.183322,0,0.00601269,0,-0.27208,0.0544752,-0.214698,0,-0.00414163,0.00658746,0.200348,-0.0569241,-0.0116146,0,0.249563,-0.0504833,0.0082712,-0.0113188,-0.0559625,0.00189339,0.221434,0,0.00994367,-0.00814747,-0.171016,0.0470102,-0.00936838,0.0105993,0.0227263,-0.029341,0.0107378,0,-0.241536,0.0493852,-0.0110722,0.0171674,0.0411688,0.000128013,0.011352,-0.00841574,-0.0452538,0.0838307,-0.216598,0,-0.012673,0.00757721,0.161979,-0.0430398,0.0139062,-0.0157494,-0.0172978,0.0167574,0.00567499,0.0150136,-0.0569164,-0.0766055,-0.0120254,0,0.235187,-0.0464563,0.0128829,-0.0220119,-0.0375495,0.000216365,-0.0100602,0.0102422,0.0321696,-0.0598553,-0.00673676,-0.00957579,0.15626,0.0469827,0.207993,0,0.0137046,-0.0093199,-0.1565,0.0413933,-0.0132866,0.0193711,0.014828,-0.0111181,-0.00929349,-0.0169124,0.0465284,0.0549927,0.00635854,0.0018996,-0.063345,-0.0127932,0.0128531,0,-0.22853,0.046431,-0.014178,0.027829,0.0376795,0.000684751,0.00962146,-0.011077,-0.0287843,0.0511113,0.0145291,0.0115557,-0.122567,-0.0283604,-0.00807709,0.0095282,-0.0409726,-0.0661328,-0.201848,0,-0.0125163,0.00819309,0.153596,-0.0416772,0.0121135,-0.0222362,-0.0153928,0.00712469,0.0111068,0.0175191,-0.041053,-0.048803,-0.0134379,0.000812961,0.0461064,0.00693884,0.00408362,-0.01017,0.000810519,0.116689
-0.177204,0,-0.0239313,0,0.0556109,-0.554905,0.2054,0,0.00936311,-0.0126959,0.156346,0.234689,0.0503257,0,-0.0504833,0.516878,0.01428,0.000653137,0.0442597,0.0729704,-0.210172,0,-0.0150264,0.01937,-0.134955,-0.201495,0.0156646,0.0153534,-0.223831,0.140741,-0.0744885,0,0.0474228,-0.502512,-0.0258429,0.00209837,-0.0323425,-0.0605899,-0.0204191,0.0155794,0.0675534,-0.262119,0.206688,0,0.0194952,-0.0251255,0.127367,0.193974,-0.0229829,-0.0220695,0.172815,-0.105731,-0.0207264,-0.0325341,0.0551796,0.0432909,0.0966197,0,-0.044843,0.487505,0.0368824,-0.00631721,0.0279354,0.0554616,0.0261056,-0.022295,-0.0512695,0.197464,0.0227048,0.00620622,-0.0513193,0.0460652,-0.195947,0,-0.0215413,0.0321543,-0.119351,-0.188517,0.026608,0.0278212,-0.154972,0.0958162,0.0316814,0.0431407,-0.0405972,-0.0343938,0.00156749,0.0134327,-0.000679919,-0.168517,-0.115627,0,0.0429741,-0.470931,-0.0477623,0.00825492,-0.028667,-0.0482304,-0.0307413,0.0298787,0.0490128,-0.178755,-0.0350005,-0.00307632,0.0373577,-0.0322017,-0.00383564,-0.0178883,0.0549756,0.0741032,0.187698,0,0.0263108,-0.0393085,0.11099,0.181642,-0.0306787,-0.0323277,0.145291,-0.087869,-0.0393579,-0.0519999,0.0323417,0.0314952,0.00465807,-0.023108,-0.00246407,0.130437,0.00915623,0.00295824,0.00638249,0.0469718
-0.0111467,0,0.000754508,0,-0.0128814,-0.0156626,0.0133225,0,-0.00446169,-0.00218628,0.0294429,-0.0117457,-0.000629457,0,0.0082712,0.01428,0.01049,-0.00318091,-0.000934529,0.0253152,-0.0153826,0,0.00598917,0.00431796,-0.020968,0.00841418,-0.00308651,0.00521674,0.00110015,0.00135716,-0.00216082,0,-0.00349829,-0.0128975,-0.0123517,0.00375736,-0.00335247,-0.0175031,0.00271253,0.000537402,-0.0138971,0.0013997,0.0165399,0,-0.00448645,-0.00621498,0.0158106,-0.00644705,0.00107598,-0.00574017,0.00394837,-0.002985,-0.00696363,0.00237811,0.000479962,-0.00746134,0.00685045,0,0.00150841,0.0113691,0.0107133,-0.00367356,0.00473507,0.0143731,0.000698448,-0.00270589,0.00378542,0.00245924,0.00334301,-0.00455979,-0.0160247,0.000946085,-0.0140926,0,0.00159637,0.00729385,-0.0134497,0.00512628,0.00222395,0.00546709,-0.00411584,0.00264946,0.00364021,0.000453918,0.00407123,-0.000937176,-0.000312949,0.00414187,-0.0014991,-0.0184466,-0.0106143,0,-0.00247617,-0.00969394,-0.00895549,0.00315763,-0.00331487,-0.0125976,-0.00454922,0.00471427,-0.00155991,-0.00279322,0.00135459,0.000515807,0.00927004,0.00434736,0.000901436,-0.0069233,0.0321737,0.00274628,0.010061,0,0.000212207,-0.00795304,0.0142856,-0.00491127,-0.0041476,-0.00499275,0.00144564,-0.0007823,0.000393254,-0.00343676,-0.00424913,0.00280311,-0.00454389,-0.000203049,0.00720141,0.00823956,0.00119067,0.00596339,-0.00221394,0.00918705
0.00342918,0,-0.000189387,0,0.0134071,-0.000445023,-0.000598263,0,0.000800846,-0.00104972,-0.00921555,0.0136247,0.000153576,0,-0.0113188,0.000653137,-0.00318091,0.00491939,-0.0135308,-0.00959718,-0.00172657,0,-0.00190057,0.000826692,0.00707274,-0.0109921,-2.65244e-05,-0.00180133,-0.00101496,0.00286262,0.00115687,0,0.00968932,-0.00130678,0.00387877,-0.00688862,0.0114185,0.00635854,-0.0011714,-0.00111598,0.00946928,-0.0178773,0.00229489,0,0.0022705,-0.00132671,-0.00591698,0.0101435,0.000207856,0.00283635,6.23551e-05,-0.00254058,0.00214662,-0.00296297,0.0141988,0.0145662,-0.00214268,0,-0.00857278,0.00184022,-0.00376755,0.00851857,-0.00987252,-0.00497066,0.000580715,0.00172694,-0.00566,0.012333,0.00271092,0.00481926,-0.0133234,0.00285286,-0.00237843,0,-0.0019781,0.00222705,0.00496913,-0.00958992,-0.000908604,-0.00355062,3.94125e-05,0.00269403,-0.00133926,0.00352578,-0.0119469,-0.00949083,-0.00204637,0.00115283,-0.000355739,0.000508487,0.00260438,0,0.00795091,-0.00245864,0.00316488,-0.00971864,0.00842421,0.003932,-0.000368589,-0.0023268,0.00428259,-0.0103689,-0.00439853,-0.00491615,0.00916785,-0.00244855,9.33186e-05,-0.00132764,-0.00745699,0.00575019,0.00272396,0,0.00164899,-0.00317817,-0.00497237,0.0093458,0.00173727,0.00427024,0.000380803,-0.00283103,0.000202206,-0.00377227,0.0105882,0.00785665,0.00435369,-0.00213818,-0.00195994,6.79525e-05,-0.00079489,-0.00192533,0.0106273,-0.0139359
0.00624979,0,-0.0154753,0,0.0615539,-0.0454954,0.0123192,0,0.00578838,-0.00021874,-0.27177,-0.016064,0.0267393,0,-0.0559625,0.0442597,-0.000934529,-0.0135308,0.558586,0.0156966,-0.0280633,0,-0.0135707,-0.00681265,0.22792,0.0181584,0.00503395,-0.0123546,-0.237312,0.0120846,-0.0330367,0,0.0539562,-0.0436256,0.00052629,0.0260106,-0.448703,-0.013312,-0.00824015,0.0258662,-0.116571,0.0432117,0.0297433,0,0.0167335,0.0126523,-0.212337,-0.0215453,-0.00806598,0.0184107,0.190196,-0.00288363,0.0030058,-0.00850419,0.020319,-0.0307683,0.0429525,0,-0.0534004,0.0382567,0.00203548,-0.0372034,0.418301,0.00782751,0.00241809,-0.042136,0.0959916,-0.0318598,-0.0276657,-0.0011314,0.0806404,-0.0807649,-0.0263976,0,-0.0123121,-0.0162115,0.200532,0.0224598,0.00610915,-0.0209266,-0.174957,-0.0010878,-8.86507e-05,0.00510196,-0.0168839,0.0293151,0.00546913,-0.0260271,0.0659172,-0.0372655,-0.053011,0,0.0530234,-0.0338492,-0.00632875,0.042279,-0.399223,-0.00507536,0.000767934,0.0561933,-0.0881121,0.0284406,0.0285743,0.00622224,-0.0528606,0.0509861,0.004023,0.0135822,-0.0430547,-0.0821962,0.028031,0,0.00949027,0.0161627,-0.194783,-0.0233512,-0.00436087,0.0221327,0.169984,0.00144946,0.00115738,-0.00128519,0.0136542,-0.030894,-0.00462718,0.0321751,-0.048926,0.0319707,0.0153082,0.00970239,0.00988087,0.332531
0.00811539,0,-0.00995124,0,-0.00339451,-0.0785098,0.00480391,0,-0.00631408,-0.00315963,0.106427,-0.268293,0.0203886,0,0.00189339,0.0729704,0.0253152,-0.00959718,0.0156966,0.57112,-0.0192974,0,0.00811216,0.00170234,-0.087878,0.227179,0.0149208,0.0189758,-0.0617231,-0.172033,-0.02434,0,0.00346673,-0.0686611,-0.0377236,0.0131726,-0.010782,-0.460201,-0.0321704,-0.000802208,0.00325015,-0.0759838,0.0231878,0,-0.00845428,0.00158539,0.0798131,-0.213064,-0.0243772,-0.0249448,0.0523763,0.138192,-0.00900594,0.0197401,-0.115637,-0.0781043,0.0354581,0,-0.00536702,0.0624343,0.0450983,-0.017949,0.00868504,0.426823,0.0462136,0.000495059,-0.00774678,0.0602328,0.00365661,-0.0163458,0.0872375,0.170233,-0.019378,0,0.00763628,-0.00441849,-0.0736488,0.201239,0.0293925,0.0297965,-0.0454793,-0.131669,0.00824655,-0.0225681,0.0798156,0.0466597,0.0222486,0.00452183,-0.218656,-0.087067,-0.0426637,0,0.00614152,-0.0597252,-0.054707,0.0194237,-0.00784801,-0.404164,-0.0582551,0.00117138,0.00620957,-0.0581029,-0.00291602,0.0179808,-0.0601372,-0.121923,-0.036362,-0.0213845,0.225976,-0.168855,0.0192384,0,-0.00722348,0.0104812,0.0695041,-0.189084,-0.0305753,-0.0325818,0.0420186,0.127854,-0.00509575,0.0224064,-0.0710589,-0.03554,-0.0273426,-0.00744355,0.169468,0.0582904,0.022978,0.0159611,-0.10973,-0.0202991
0.651819,0,0.00871852,0,-0.2326,0.227509,-0.729069,0,0.00396515,0.0374188,-0.190263,0.029907,-0.0253366,0,0.221434,-0.210172,-0.0153826,-0.00172657,-0.0280633,-0.0192974,0.727109,0,-0.00289007,-0.0671104,0.154083,-0.0236183,-0.0117191,-0.0234273,0.222973,-0.111704,0.0421045,0,-0.223296,0.200343,0.0182189,0.00665482,0.0267419,0.0117384,0.00357579,-0.028572,-0.0220463,0.142767,-0.712797,0,-0.00249993,0.0950101,-0.136983,0.0228474,0.0226866,0.033896,-0.180671,0.0842661,0.0261224,0.0392399,-0.222547,-0.0574488,-0.0599976,0,0.219582,-0.187894,-0.0129425,-0.0111442,-0.0276138,-0.00757731,-0.0112921,0.0416949,0.0343623,-0.111823,-0.00916009,-0.00500254,0.237076,0.0267391,0.683847,0,0.00851473,-0.118189,0.122783,-0.0234461,-0.0360479,-0.0406512,0.162655,-0.0718145,-0.0235228,-0.0593485,0.158515,0.0548865,0.00325789,-0.0103882,-0.0827953,0.0553212,0.0754779,0,-0.211498,0.178149,0.00685289,0.0149438,0.0216503,0.00670148,0.021199,-0.0517146,-0.0396703,0.0988864,-0.00123647,0.0173392,-0.172725,-0.023844,-0.0290684,0.0115966,-0.0352936,-0.195861,-0.650688,0,-0.0121318,0.134469,-0.116121,0.0244141,0.0458238,0.0471193,-0.144716,0.0582894,0.0208856,0.0743157,-0.137977,-0.0502488,0.00261953,0.00616566,0.043673,-0.0374755,0.0128395,-0.0411736,-0.138002,0.080037
0,0,0,0,0,0,0,0,0,0,0,0,0,0,0,0,0,0,0,0,0,0,0,0,0,0,0,0,0,0,0,0,0,0,0,0,0,0,0,0,0,0,0,0,0,0,0,0,0,0,0,0,0,0,0,0,0,0,0,0,0,0,0,0,0,0,0,0,0,0,0,0,0,0,0,0,0,0,0,0,0,0,0,0,0,0,0,0,0,0,0,0,0,0,0,0,0,0,0,0,0,0,0,0,0,0,0,0,0,0,0,0,0,0,0,0,0,0,0,0,0,0,0,0,0,0,0,0,0,0,0,0
-0.0012374,0,0.0042934,0,-0.0138851,0.0160552,0.0017128,0,-0.006752,-1.74959e-06,0.0165816,-0.0217221,-0.00808793,0,0.00994367,-0.0150264,0.00598917,-0.00190057,-0.0135707,0.00811216,-0.00289007,0,0.0100652,0.000983489,-0.0100359,0.0166232,-0.00384129,0.00301405,0.0199423,-0.0191725,0.00892983,0,-0.00630185,0.0147598,-0.00633045,0.00167467,0.00669078,-0.00455376,0.00617607,-0.00201067,-0.00122911,0.0291521,0.00516969,0,-0.0102516,-0.00190099,0.00527366,-0.0139714,0.00289105,-0.00225487,-0.0114637,0.0122495,-0.00362717,0.00564508,-0.00745637,-0.009265,-0.00867621,0,0.00459313,-0.0143527,0.00367527,-0.00104153,-0.00395124,0.00344118,-0.00420557,0.00148412,-0.00513506,-0.0193214,0.00135889,-0.00277196,-0.0108042,-0.00359558,-0.00492781,0,0.00807229,0.00219164,-0.00364198,0.0123788,0.000123785,0.000743034,0.00930977,-0.010571,-0.000325339,-0.00389865,0.00860451,0.00135256,0.000249825,0.00155664,0.00948833,-0.00144108,0.00831971,0,-0.00554058,0.0139987,-0.000889956,0.000929736,0.00467541,-0.00340251,0.00153048,-0.000893471,0.00580808,0.0169747,0.00497181,-0.00166771,0.00451583,0.00834275,0.00184282,-0.00667105,0.0116378,0.00777908,0.00258716,0,-0.00702904,-0.0017684,0.0052367,-0.0114461,-0.00210965,0.000949716,-0.0103746,0.0110648,0.00407605,0.00169205,-0.00703751,0.00032837,-0.00465507,0.0032682,-0.00212451,-0.00377886,0.000204821,0.00611281,0.00318233,-0.00641001
-0.0660725,0,-0.00154926,0,0.00764864,-0.0217902,0.0706609,0,-0.000389072,-0.00858582,0.0570373,-0.0051039,0.00412078,0,-0.00814747,0.01937,0.00431796,0.000826692,-0.00681265,0.00170234,-0.0671104,0,0.000983489,0.0157902,-0.046753,0.00315205,0.00270827,0.00763367,-0.0338072,0.0346776,-0.00723974,0,0.00968803,-0.0170834,-0.00502064,-0.00235674,0.00504453,-7.60873e-05,-0.000796298,0.00325953,-0.00531958,-0.0241977,0.0635781,0,-0.000363863,-0.0219569,0.0417362,-0.00212503,-0.00395377,-0.0109412,0.0266881,-0.0260752,-0.00681358,-0.00732999,0.033174,-0.00579641,0.00993461,0,-0.00986106,0.0152984,0.00414835,0.00389066,-0.00486735,-0.000714126,0.00204409,-0.00431209,0.000254407,0.0186346,0.0015851,0.000866976,-0.0323807,-0.001292,-0.0581878,0,-0.000943996,0.0263897,-0.0370374,0.0012252,0.00520429,0.0131877,-0.0233397,0.0221323,0.00687022,0.0113506,-0.0237145,0.000946811,0.00431306,0.000623926,0.00697892,0.00599391,-0.0119947,0,0.00921796,-0.0134948,-0.00265598,-0.00547352,0.00547689,0.00105515,-0.00320873,0.00423383,0.00192339,-0.015936,9.22001e-05,-0.0038738,0.0254176,0.00149466,0.00183211,0.00058898,0.00479171,0.00263835,0.0527107,0,0.00236733,-0.0296572,0.0342247,-0.00104785,-0.0059456,-0.0149213,0.0200865,-0.0185721,-0.00582597,-0.0145052,0.0202321,0.000932951,-0.00656031,-0.000360031,-0.00070965,-0.00380881,-0.00459517,0.00567868,0.0192185,-0.00485057
0.206358,0,-0.00198536,0,0.187292,0.147673,-0.190304,0,-9.90436e-05,0.0197737,-0.672124,-0.00133681,-0.00291598,0,-0.171016,-0.134955,-0.020968,0.00707274,0.22792,-0.087878,0.154083,0,-0.0100359,-0.046753,0.572012,0.0096766,-0.00279659,-0.0472199,0.208732,-0.105827,0.0183105,0,0.165489,0.125173,0.0301338,-0.00587863,-0.180495,0.0689545,-0.005199,0.000651775,-0.0141514,0.0817795,-0.139964,0,0.015043,0.0696769,-0.538356,-0.0154282,-0.00202778,0.0750363,-0.157941,0.0867367,0.018899,0.0124877,-0.0918306,0.111613,-0.0243894,0,-0.162676,-0.121334,-0.0376239,0.00624819,0.171269,-0.0672577,-0.00222719,-0.00547043,0.021059,-0.061249,-0.00544233,0.00938274,-0.0688083,-0.0865934,0.132273,0,-0.0122204,-0.0864908,0.50762,0.0182009,-0.000724043,-0.0936582,0.142867,-0.0800935,-0.0237843,-0.0253189,0.0658565,-0.0754819,-0.0267522,-0.0111424,0.174924,0.0294294,0.0269638,0,0.157742,0.112875,0.0407063,-0.0106627,-0.166805,0.0634068,0.00496839,0.0101883,-0.0253355,0.055323,-0.00453505,-0.00840366,0.0542167,0.0542743,0.00507848,-0.00125106,0.00577069,0.0572577,-0.12015,0,0.00476756,0.0999661,-0.486411,-0.0173287,0.00535235,0.109707,-0.129107,0.0737231,0.029489,0.0365044,-0.0598691,0.0609663,0.0404246,0.0165441,-0.136083,-0.0271358,0.00571821,-0.000268809,-0.114164,0.0346112
0.0102904,0,0.000481568,0,-0.0547416,0.214101,0.00504669,0,-0.0129713,-0.0037389,-0.003859,-0.438867,-0.000556152,0,0.0470102,-0.201495,0.00841418,-0.0109921,0.0181584,0.227179,-0.0236183,0,0.0166232,0.00315205,0.0096766,0.377181,0.0159887,0.00658981,0.0726786,-0.00995133,0.00797812,0,-0.0387735,0.200223,-0.00751522,0.0134418,-0.0123851,-0.181201,-0.00776405,0.00283387,-0.0265323,0.0619077,0.0289243,0,-0.017755,-0.00100388,-0.012127,-0.358954,-0.0296408,-0.00752038,-0.053022,0.00968622,-0.00450592,0.0225184,-0.0652357,-0.16435,-0.00926278,0,0.0361192,-0.200804,0.00111877,-0.0164911,0.0102351,0.165534,0.0139784,-0.00264603,0.00937702,-0.0414305,-0.0240324,-0.0132398,0.0728812,0.0947809,-0.0251987,0,0.0205462,0.000198376,0.0127724,0.345077,0.0393823,0.00660534,0.0506325,-0.0138125,-0.00163068,-0.0288053,0.0432581,0.112762,0.0280442,-0.0136088,-0.0934357,0.0595146,0.0153371,0,-0.0345271,0.195398,0.0028981,0.0163599,-0.00511955,-0.157184,-0.0205718,0.00176854,-0.0060142,0.0329649,0.0376114,0.00934785,-0.0540167,-0.0743212,-0.000787441,0.00274855,0.137066,-0.0460266,0.0253138,0,-0.0243068,0.00846288,-0.0110493,-0.330526,-0.043891,-0.0049256,-0.0498513,0.0169873,0.00835904,0.0323798,-0.0374747,-0.0971306,-0.0374317,0.0174054,0.084509,-0.0469104,-0.00450181,0.0264833,-0.0739593,-0.0483401
-0.0179866,0,-0.00373572,0,0.0128979,-0.0180714,0.0165665,0,0.00360093,-0.0017374,0.00056315,-0.0188411,0.00768057,0,-0.00936838,0.0156646,-0.00308651,-2.65244e-05,0.00503395,0.0149208,-0.0117191,0,-0.00384129,0.00270827,-0.00279659,0.0159887,0.0109042,0.00165425,-0.0161529,0.0326811,-0.00835628,0,0.00683994,-0.0136562,0.00229166,0.000112954,0.000835468,-0.0131799,-0.0077123,0.00368527,0.00528578,-0.0317556,0.00803581,0,0.00199746,-0.0023975,0.00442948,-0.0147559,-0.0121586,-0.00339347,0.00715918,-0.0220143,-0.00131745,-0.0029664,-0.000767786,-0.0194502,0.0066542,0,-0.00564943,0.0119512,-0.000349703,-0.000923078,-0.00411401,0.0125523,0.00721412,-0.00224468,-0.00147575,0.0211831,-0.00251113,0.000165937,0.00656201,0.01768,-0.00643356,0,0.000104893,0.00184483,-0.00344607,0.0135099,0.0109408,0.00479695,-0.00419397,0.0179908,0.00516975,0.0013684,-0.00466158,0.0156691,0.00971014,-0.00349828,-0.00884266,0.0065663,-0.00409192,0,0.00683021,-0.011035,-0.00136741,0.00114556,0.00417948,-0.0112228,-0.00519408,-0.000432485,0.00207128,-0.0185762,-0.00156494,0.00256743,0.000388377,-0.0188227,-0.00145535,0.0052164,0.00458875,-0.00938916,0.00749512,0,-0.00102769,-0.000171692,0.00104593,-0.0117996,-0.0100222,-0.00561209,0.00480082,-0.0167095,-0.00805283,0.00031436,0.00480536,-0.012624,-0.00700312,-0.0015562,0.00504028,0.00247994,-0.0032009,-0.000483284,-0.0117829,-0.0183291
-0.0217571,0,-0.000920749,0,-0.012709,-0.0172923,0.0237909,0,-0.00178013,-0.00415051,0.0578663,-0.00948598,0.0018792,0,0.0105993,0.0153534,0.00521674,-0.00180133,-0.0123546,0.0189758,-0.0234273,0,0.00301405,0.00763367,-0.0472199,0.00658981,0.00165425,0.0117324,-0.0372516,0.00944751,-0.00321933,0,-0.0086279,-0.0134068,-0.00667595,0.00265979,0.00919034,-0.0142634,-0.000732261,-0.00087095,-0.00160761,-0.00704687,0.0226115,0,-0.00285597,-0.0103966,0.0421988,-0.00445409,-0.00312674,-0.0163629,0.0291018,-0.00779821,-0.00360209,-0.00168575,0.0167462,-0.010329,0.00460748,0,0.00781858,0.0117212,0.00665343,-0.00367,-0.00868909,0.0123741,0.00223954,0.00182764,-0.00240956,0.00507789,0.000995865,-0.00272326,-0.00567039,0.00415312,-0.0196037,0,0.00223737,0.0125671,-0.0383005,0.00250044,0.00403223,0.0195213,-0.0250249,0.00688076,0.00334298,0.0038511,-0.012732,0.00365467,0.00637602,0.00355085,-0.027538,-0.001966,-0.00504501,0,-0.00753356,-0.0104582,-0.00625352,0.00440844,0.008767,-0.0104896,-0.00331033,-0.00303472,0.00390082,-0.00406101,0.00164174,0.00130079,0.00490574,-0.000856888,-0.00183449,-5.83501e-05,0.0151907,-0.0221757,0.0164773,0,-0.00127637,-0.0136757,0.0354998,-0.00159012,-0.00432902,-0.0215567,0.0217275,-0.00543544,-0.00239373,-0.00595734,0.0115216,-0.00084836,-0.0082341,-0.0042339,0.0222788,0.00214786,0.000320385,0.000171191,0.0138503,0.0119843
0.207431,0,0.0154447,0,-0.0314776,0.240741,-0.2282,0,-0.0148843,0.0195119,-0.237625,-0.0870107,-0.0289117,0,0.0227263,-0.223831,0.00110015,-0.00101496,-0.237312,-0.0617231,0.222973,0,0.0199423,-0.0338072,0.208732,0.0726786,-0.0161529,-0.0372516,0.690949,-0.167455,0.0406322,0,-0.014959,0.215651,0.00243513,-0.00326081,0.190137,0.0549459,0.0258751,-0.00509392,-0.221437,0.226227,-0.212519,0,-0.0191671,0.0448077,-0.205472,-0.0665691,0.0192743,0.0637635,-0.533684,0.126757,-0.00123573,0.0505079,-0.155826,-0.00647435,-0.0504855,0,0.0113299,-0.209758,-0.0158199,0.0104767,-0.174956,-0.0526299,-0.0293238,0.00396423,0.160466,-0.161651,0.000708931,-0.0181664,-0.0156642,-0.0256256,0.201987,0,0.012202,-0.0600933,0.196181,0.0658104,-0.0145665,-0.0853774,0.48729,-0.115417,-0.011848,-0.0640893,0.122732,-0.00422543,-0.0229835,-0.0142521,0.149084,0.0290713,0.0552784,0,-0.0133965,0.201114,0.025814,-0.0151673,0.172817,0.0477083,0.0290219,-0.00537786,-0.147047,0.142591,0.00954291,0.0118816,0.00783675,0.0247882,0.0192155,-0.011573,0.0555137,0.167415,-0.196166,0,-0.0113464,0.0737488,-0.180234,-0.0631754,0.0150793,0.105243,-0.464283,0.109077,0.022467,0.0727893,-0.106065,0.00399966,0.0198992,0.032644,-0.0958628,-0.0374071,-0.0114061,0.0189013,-0.204476,-0.191511
-0.0972718,0,-0.01652,0,0.0314613,-0.154875,0.110941,0,0.0110823,-0.0208929,0.125899,0.0173017,0.0365677,0,-0.029341,0.140741,0.00135716,0.00286262,0.0120846,-0.172033,-0.111704,0,-0.0191725,0.0346776,-0.105827,-0.00995133,0.0326811,0.00944751,-0.167455,0.727775,-0.0497591,0,0.0299102,-0.131005,0.000766233,-0.00601891,-0.00140167,0.143187,-0.0172336,0.0196119,-0.0685912,-0.371285,0.101741,0,0.0242436,-0.0425454,0.103824,0.00637412,-0.0529757,-0.0195292,0.127193,-0.56404,-0.0578992,-0.0357767,0.0840963,-0.194258,0.06298,0,-0.0297301,0.123285,-0.000103094,0.00924288,-0.00528826,-0.137998,0.0200531,-0.0244546,0.0504414,0.284838,0.000747947,-0.00194498,-0.0468837,0.103061,-0.0883543,0,-0.0229944,0.0530261,-0.0965743,-0.00604486,0.0626868,0.0264707,-0.113261,0.511886,0.0797506,0.0403433,-0.0567603,0.146988,0.027662,-0.00474479,-0.0444903,0.0791924,-0.0689915,0,0.0300606,-0.116402,0.00271286,-0.0165879,0.00727671,0.134216,-0.0202815,0.0280203,-0.0408983,-0.260028,-0.011139,0.00152243,0.0448808,-0.0921612,0.0245841,0.0183941,0.066605,0.0620067,0.080754,0,0.0243229,-0.055507,0.087938,0.00635944,-0.0719014,-0.0335181,0.104664,-0.477556,-0.0936004,-0.0406259,0.0418681,-0.128156,-0.0325002,-0.00243604,0.0423164,-0.0445073,-0.0493198,0.0169547,-0.0321886,-0.159386
0.0364109,0,0.0116984,0,-0.0133804,0.082204,-0.041833,0,-0.00547709,0.00486363,-0.0196522,-0.010397,-0.0245828,0,0.0107378,-0.0744885,-0.00216082,0.00115687,-0.0330367,-0.02434,0.0421045,0,0.00892983,-0.00723974,0.0183105,0.00797812,-0.00835628,-0.00321933,0.0406322,-0.0497591,0.0333353,0,-0.00878415,0.0698599,0.00482937,-0.00235947,0.0212843,0.0197667,0.0112175,-0.00965813,0.0127393,0.0558394,-0.0393389,0,-0.0107275,0.00941633,-0.0185559,-0.00779869,0.0107138,0.00583367,-0.0284107,0.0355784,0.00468511,0.00879696,-0.00875534,0.00909885,-0.0398039,0,0.00704142,-0.064673,-0.0079129,0.00367259,-0.0156625,-0.0177638,-0.0129916,0.0113903,-0.0099497,-0.0402038,-0.00151961,0.000320461,-0.00258749,-0.00978845,0.0360725,0,0.0104854,-0.0108988,0.0169639,0.00773344,-0.0108826,-0.00761841,0.0231981,-0.0301531,-0.00935714,-0.00999942,0.00903521,-0.00727298,-0.0070636,0.0010622,0.0118712,0.0132253,0.0442032,0,-0.00716485,0.0599791,0.011169,-0.00392287,0.0134352,0.0153686,0.0132282,-0.0114683,0.00703072,0.0360054,0.00677563,-0.00207753,-0.00142952,0.0116753,-0.000890396,-0.00244783,-0.0136529,-0.0160549,-0.0343163,0,-0.0119955,0.0119216,-0.01373,-0.0074102,0.0101533,0.00831733,-0.0214657,0.0271117,0.0124766,0.0103045,-0.00663996,0.00515165,0.00369396,0.00418345,-0.00819554,-0.0161247,0.00226329,0.000545924,0.00518655,-0.00932251
0,0,0,0,0,0,0,0,0,0,0,0,0,0,0,0,0,0,0,0,0,0,0,0,0,0,0,0,0,0,0,0,0,0,0,0,0,0,0,0,0,0,0,0,0,0,0,0,0,0,0,0,0,0,0,0,0,0,0,0,0,0,0,0,0,0,0,0,0,0,0,0,0,0,0,0,0,0,0,0,0,0,0,0,0,0,0,0,0,0,0,0,0,0,0,0,0,0,0,0,0,0,0,0,0,0,0,0,0,0,0,0,0,0,0,0,0,0,0,0,0,0,0,0,0,0,0,0,0,0,0,0
-0.180607,0,-0.00457231,0,0.260691,-0.0510692,0.213754,0,0.0011015,-0.00738204,-0.190551,0.0464834,0.00895616,0,-0.241536,0.0474228,-0.00349829,0.00968932,0.0539562,0.00346673,-0.223296,0,-0.00630185,0.00968803,0.165489,-0.0387735,0.00683994,-0.0086279,-0.014959,0.0299102,-0.00878415,0,0.236935,-0.0462668,0.00645011,-0.0154009,-0.042562,-0.00270047,-0.00795188,0.00764939,0.0391506,-0.0771158,0.220126,0,0.0105495,-0.00989198,-0.159084,0.0357057,-0.0132026,0.0143968,0.0149974,-0.0187853,-0.0100222,-0.012398,0.0563224,0.0739178,0.012538,0,-0.232017,0.0430451,-0.0105188,0.0205453,0.0402177,0.00112183,0.00841184,-0.0107548,-0.0317839,0.0577414,0.00797499,0.00677645,-0.163384,-0.0467922,-0.210251,0,-0.0136097,0.0121297,0.154087,-0.034802,0.0150422,-0.0187768,-0.0134317,0.0132154,0.0111495,0.0157285,-0.0428288,-0.0569793,-0.00811605,0.000169952,0.0677125,0.00522085,-0.0154787,0,0.224552,-0.0429373,0.0140222,-0.0270517,-0.0394978,-0.00173796,-0.0102864,0.0130974,0.0293255,-0.0499409,-0.012419,-0.0115459,0.125537,0.0313461,0.0101644,-0.0135797,0.0556315,0.0707275,0.201814,0,0.0133547,-0.0114318,-0.149841,0.0351006,-0.0155534,0.0223238,0.0126521,-0.00797913,-0.0101742,-0.0180153,0.0373793,0.0514008,0.0119177,0.000734149,-0.0451092,-0.0058409,-0.004804,0.0154555,-0.00652499,-0.110871
0.165611,0,0.0222265,0,-0.0541228,0.538778,-0.194042,0,-0.0088078,0.0115439,-0.144846,-0.233697,-0.0469082,0,0.0493852,-0.502512,-0.0128975,-0.00130678,-0.0436256,-0.0686611,0.200343,0,0.0147598,-0.0170834,0.125173,0.200223,-0.0136562,-0.0134068,0.215651,-0.131005,0.0698599,0,-0.0462668,0.489788,0.0236793,-0.00144823,0.0328556,0.0573106,0.0188418,-0.0135297,-0.0680993,0.252714,-0.197969,0,-0.019484,0.02225,-0.118353,-0.192334,0.0207306,0.0191523,-0.167555,0.0989137,0.0192288,0.0307411,-0.0517049,-0.0474689,-0.0915644,0,0.0438377,-0.475905,-0.0340806,0.0052815,-0.0296239,-0.052674,-0.0242141,0.0205127,0.0508404,-0.19095,-0.0226101,-0.00666553,0.0488064,-0.0439578,0.188384,0,0.0216246,-0.0291353,0.111639,0.186376,-0.0247766,-0.0243274,0.151055,-0.0901451,-0.0293273,-0.0409478,0.0371195,0.0367422,0.00154036,-0.0136932,-0.00233877,0.166288,0.110952,0,-0.041787,0.460343,0.0447505,-0.00727338,0.030426,0.0461567,0.0291773,-0.0288198,-0.0475891,0.173019,0.0343507,0.00349004,-0.0343062,0.0296577,0.00413235,0.0185658,-0.0504649,-0.0703478,-0.180657,0,-0.0261466,0.0363465,-0.104308,-0.179376,0.0290566,0.0287315,-0.141784,0.0831186,0.0367542,0.0493924,-0.0293925,-0.032533,-0.0073541,0.0219976,0.00518133,-0.126642,-0.0105699,-0.00336751,-0.00397303,-0.0543914
0.0160095,0,8.11944e-05,0,0.0156154,0.028303,-0.0175274,0,0.00428807,0.00251832,-0.0396614,0.011029,-0.00127029,0,-0.0110722,-0.0258429,-0.0123517,0.00387877,0.00052629,-0.0377236,0.0182189,0,-0.00633045,-0.00502064,0.0301338,-0.00751522,0.00229166,-0.00667595,0.00243513,0.000766233,0.00482937,0,0.00645011,0.0236793,0.015881,-0.00490869,0.00301073,0.0274109,-0.000811836,-0.00135542,0.0196179,0.0025133,-0.0186926,0,0.0056034,0.00719298,-0.0244329,0.00523857,-0.00089565,0.00808078,-0.00567508,0.000912173,0.00673566,-0.00158544,0.000785118,0.0118499,-0.00972052,0,-0.00433292,-0.021468,-0.0156899,0.00534352,-0.00400354,-0.0233575,-0.00285373,0.00349054,-0.00848608,-0.00474379,-0.00358757,0.00507381,0.0109679,-0.0050719,0.0161519,0,-0.00327361,-0.00817396,0.021164,-0.00374823,-0.00184991,-0.00849949,0.00516279,-0.000666398,-0.00382329,-0.00119597,-0.00454354,-0.0022451,-0.00178749,-0.00480396,0.00937744,0.0225932,0.0135865,0,0.0047147,0.0188937,0.0152002,-0.00531961,0.00260891,0.0205216,0.00667158,-0.0052114,0.00557052,0.00470494,-0.000585572,-0.00168643,-0.00655072,-0.000999136,0.00101508,0.00637937,-0.0346911,0.00166586,-0.0123133,0,0.00163511,0.00878536,-0.0211167,0.00331547,0.00330825,0.00844312,-0.00238662,-0.000814599,6.80134e-05,0.00408365,0.00468814,-0.000378407,0.00633571,0.00199348,-0.0122518,-0.012685,-0.00220512,-0.00425985,-0.000102723,-0.0104651
